#Date:2024-04-05 11:40:51
#Class:methylRawDB
#DT:tabix
#SI:ctrl1
#AS:hg18
#CT:CpG
#RS:base
#NR:2377
#DT:tabix
chr21	9826907	9826907	+	96	18	78
chr21	9853296	9853296	+	18	16	2
chr21	9853326	9853326	+	16	14	2
chr21	9860126	9860126	+	83	83	0
chr21	9906604	9906604	+	23	18	5
chr21	9906616	9906616	+	23	14	9
chr21	9906619	9906619	+	22	18	4
chr21	9906634	9906634	+	23	16	7
chr21	9906635	9906635	-	13	7	6
chr21	9906640	9906640	+	23	0	23
chr21	9906641	9906641	-	14	0	14
chr21	9906644	9906644	+	23	22	1
chr21	9906645	9906645	-	13	13	0
chr21	9906655	9906655	-	14	13	1
chr21	9906657	9906657	-	14	0	14
chr21	9906660	9906660	-	14	9	5
chr21	9906663	9906663	-	14	13	1
chr21	9906676	9906676	+	39	39	0
chr21	9906677	9906677	-	14	11	3
chr21	9906681	9906681	+	37	14	23
chr21	9906694	9906694	+	39	16	23
chr21	9906700	9906700	+	30	8	22
chr21	9906704	9906704	+	18	17	1
chr21	9906714	9906714	+	25	19	6
chr21	9906724	9906724	+	18	13	5
chr21	9906805	9906805	-	13	8	5
chr21	9906808	9906808	-	13	13	0
chr21	9906822	9906822	-	14	14	0
chr21	9906824	9906824	-	14	14	0
chr21	9906827	9906827	-	14	5	9
chr21	9906839	9906839	-	13	9	4
chr21	9906841	9906841	-	14	10	4
chr21	9906846	9906846	+	15	14	1
chr21	9906847	9906847	-	14	10	4
chr21	9906864	9906864	+	14	10	4
chr21	9906869	9906869	+	15	0	15
chr21	9906873	9906873	+	15	4	11
chr21	9906884	9906884	+	13	2	11
chr21	9906885	9906885	-	16	0	16
chr21	9906889	9906889	+	12	0	12
chr21	9906890	9906890	-	17	0	17
chr21	9906902	9906902	-	17	0	17
chr21	9906907	9906907	-	17	2	15
chr21	9906910	9906910	-	16	9	7
chr21	9906926	9906926	-	17	11	6
chr21	9906928	9906928	-	17	11	6
chr21	9906931	9906931	-	17	6	11
chr21	9906933	9906933	+	29	26	3
chr21	9906934	9906934	-	17	17	0
chr21	9906949	9906949	+	30	16	14
chr21	9906950	9906950	-	13	8	5
chr21	9906952	9906952	+	30	25	5
chr21	9906953	9906953	-	13	11	2
chr21	9906954	9906954	+	30	26	4
chr21	9906955	9906955	-	13	9	4
chr21	9906957	9906957	+	30	26	4
chr21	9906958	9906958	-	13	13	0
chr21	9906992	9906992	-	13	12	1
chr21	9911345	9911345	+	10	9	1
chr21	9911433	9911433	-	10	9	1
chr21	9911447	9911447	-	10	10	0
chr21	9913543	9913543	+	34	31	3
chr21	9913575	9913575	+	33	31	2
chr21	9917398	9917398	-	11	10	1
chr21	9917414	9917414	-	11	11	0
chr21	9917582	9917582	+	61	52	9
chr21	9917587	9917587	+	59	46	13
chr21	9917607	9917607	+	49	38	11
chr21	9917608	9917608	-	12	9	3
chr21	9917629	9917629	+	28	0	28
chr21	9917630	9917630	-	14	12	2
chr21	9927527	9927527	+	32	32	0
chr21	9927676	9927676	-	18	18	0
chr21	9927687	9927687	-	18	18	0
chr21	9944505	9944505	+	86	79	7
chr21	9944663	9944663	-	45	35	10
chr21	9959407	9959407	+	52	49	3
chr21	9959541	9959541	-	39	37	2
chr21	9959569	9959569	-	40	40	0
chr21	9959577	9959577	-	40	40	0
chr21	9959644	9959644	-	59	52	7
chr21	9959650	9959650	-	59	51	8
chr21	9967634	9967634	-	93	62	31
chr21	9990967	9990967	+	16	13	3
chr21	10011833	10011833	+	40	34	6
chr21	10011841	10011841	+	40	18	22
chr21	10011855	10011855	+	39	29	10
chr21	10011858	10011858	+	39	31	8
chr21	10011861	10011861	+	39	13	26
chr21	10011872	10011872	+	39	34	5
chr21	10011876	10011876	+	38	24	14
chr21	10011878	10011878	+	37	20	17
chr21	10011925	10011925	-	68	21	47
chr21	10011938	10011938	-	74	64	10
chr21	10011954	10011954	-	49	33	16
chr21	10011964	10011964	-	76	24	52
chr21	10011974	10011974	-	77	41	36
chr21	10011987	10011987	+	25	21	4
chr21	10011990	10011990	+	24	14	10
chr21	10012008	10012008	+	25	9	16
chr21	10012030	10012030	+	23	13	10
chr21	10012069	10012069	+	78	58	20
chr21	10012075	10012075	+	78	63	15
chr21	10012079	10012079	+	77	50	27
chr21	10012089	10012089	+	76	62	14
chr21	10012095	10012095	+	77	71	6
chr21	10012101	10012101	+	73	42	31
chr21	10012316	10012316	-	13	6	7
chr21	10012318	10012318	-	13	7	6
chr21	10012321	10012321	-	14	11	3
chr21	10012324	10012324	-	14	13	1
chr21	10012328	10012328	-	14	14	0
chr21	10012425	10012425	-	14	5	9
chr21	10012428	10012428	-	13	1	12
chr21	10012430	10012430	-	14	1	13
chr21	10012442	10012442	-	14	14	0
chr21	10012454	10012454	-	14	13	1
chr21	10012465	10012465	-	14	5	9
chr21	10012587	10012587	-	25	3	22
chr21	10012606	10012606	-	27	9	18
chr21	10012609	10012609	+	40	25	15
chr21	10012610	10012610	-	27	20	7
chr21	10012636	10012636	+	39	28	11
chr21	10012637	10012637	-	40	33	7
chr21	10012640	10012640	+	39	19	20
chr21	10012641	10012641	-	40	24	16
chr21	10012642	10012642	+	39	29	10
chr21	10012643	10012643	-	40	32	8
chr21	10012658	10012658	+	38	10	28
chr21	10012659	10012659	-	39	5	34
chr21	10012662	10012662	-	40	40	0
chr21	10012696	10012696	+	29	25	4
chr21	10012699	10012699	+	29	15	14
chr21	10012876	10012876	+	17	17	0
chr21	10012881	10012881	+	17	0	17
chr21	10012883	10012883	+	17	16	1
chr21	10012887	10012887	+	17	9	8
chr21	10012891	10012891	+	17	17	0
chr21	10012894	10012894	+	17	9	8
chr21	10012898	10012898	+	16	13	3
chr21	10012900	10012900	+	17	16	1
chr21	10012902	10012902	+	17	13	4
chr21	10012921	10012921	+	13	13	0
chr21	10012924	10012924	+	15	10	5
chr21	10012934	10012934	-	32	20	12
chr21	10012938	10012938	-	36	28	8
chr21	10012940	10012940	-	36	32	4
chr21	10012942	10012942	-	37	21	16
chr21	10012944	10012944	-	32	19	13
chr21	10012947	10012947	-	39	37	2
chr21	10012961	10012961	-	30	18	12
chr21	10012975	10012975	-	41	30	11
chr21	10012981	10012981	+	10	10	0
chr21	10012982	10012982	-	43	43	0
chr21	10012989	10012989	+	11	5	6
chr21	10012994	10012994	+	11	5	6
chr21	10012998	10012998	+	10	9	1
chr21	10013039	10013039	-	20	0	20
chr21	10013060	10013060	-	20	4	16
chr21	10013062	10013062	-	20	14	6
chr21	10013072	10013072	-	20	14	6
chr21	10013086	10013086	-	20	16	4
chr21	10022131	10022131	-	17	8	9
chr21	10022157	10022157	-	17	17	0
chr21	10022165	10022165	-	17	15	2
chr21	10065022	10065022	+	31	30	1
chr21	10065061	10065061	+	31	15	16
chr21	10077699	10077699	+	272	227	45
chr21	10077705	10077705	+	273	189	84
chr21	10077904	10077904	-	43	33	10
chr21	10086785	10086785	+	71	54	17
chr21	10087014	10087014	-	15	10	5
chr21	10099942	10099942	+	31	31	0
chr21	10099950	10099950	+	31	29	2
chr21	10114305	10114305	-	57	34	23
chr21	10114343	10114343	-	60	34	26
chr21	10114345	10114345	-	61	31	30
chr21	10114351	10114351	-	61	60	1
chr21	10118483	10118483	+	23	19	4
chr21	10119874	10119874	-	13	11	2
chr21	10120564	10120564	-	17	15	2
chr21	10120584	10120584	-	20	15	5
chr21	10120599	10120599	+	83	80	3
chr21	10120600	10120600	-	20	19	0
chr21	10120603	10120603	+	84	17	67
chr21	10120634	10120634	+	83	20	63
chr21	10120643	10120643	+	82	23	59
chr21	10120990	10120990	+	51	49	2
chr21	10121028	10121028	+	51	46	5
chr21	10121033	10121033	+	44	38	6
chr21	10121126	10121126	+	612	608	4
chr21	10121171	10121171	+	333	241	92
chr21	10122567	10122567	+	28	28	0
chr21	10128590	10128590	+	166	165	1
chr21	10128601	10128601	+	162	145	17
chr21	10128603	10128603	+	164	147	17
chr21	10128609	10128609	+	165	147	18
chr21	10128617	10128617	+	163	152	11
chr21	10128639	10128639	+	290	132	158
chr21	10128659	10128659	+	146	101	45
chr21	10128660	10128660	-	120	77	43
chr21	10128661	10128661	+	146	96	50
chr21	10128670	10128670	+	143	132	11
chr21	10128671	10128671	-	123	113	10
chr21	10128673	10128673	+	139	108	31
chr21	10128674	10128674	-	124	90	34
chr21	10128682	10128682	+	22	0	22
chr21	10128683	10128683	-	68	42	26
chr21	10128702	10128702	+	71	70	1
chr21	10128705	10128705	+	69	62	7
chr21	10128706	10128706	-	37	30	7
chr21	10128707	10128707	+	71	63	8
chr21	10128708	10128708	-	37	33	4
chr21	10128710	10128710	+	71	71	0
chr21	10128711	10128711	-	37	35	2
chr21	10128720	10128720	+	74	63	11
chr21	10128721	10128721	-	36	32	4
chr21	10128734	10128734	+	104	63	41
chr21	10128735	10128735	-	37	36	1
chr21	10128738	10128738	+	112	82	30
chr21	10128745	10128745	+	129	51	78
chr21	10128748	10128748	+	129	97	32
chr21	10128758	10128758	+	62	33	29
chr21	10128775	10128775	+	62	53	9
chr21	10128839	10128839	+	222	212	10
chr21	10128850	10128850	+	219	179	40
chr21	10128867	10128867	+	216	212	4
chr21	10128881	10128881	+	210	188	22
chr21	10128883	10128883	+	211	179	32
chr21	10128964	10128964	-	26	23	3
chr21	10128980	10128980	-	26	10	16
chr21	10128989	10128989	-	26	26	0
chr21	10128991	10128991	-	26	13	13
chr21	10129002	10129002	+	39	39	0
chr21	10129003	10129003	-	26	23	3
chr21	10129032	10129032	+	38	36	2
chr21	10129036	10129036	+	38	38	0
chr21	10129044	10129044	+	38	36	2
chr21	10129181	10129181	+	16	13	3
chr21	10129546	10129546	+	10	10	0
chr21	10129550	10129550	+	10	10	0
chr21	10132081	10132081	-	15	15	0
chr21	10132089	10132089	-	16	11	5
chr21	10132094	10132094	+	51	51	0
chr21	10132095	10132095	-	16	15	1
chr21	10132122	10132122	+	50	41	9
chr21	10132130	10132130	+	190	177	13
chr21	10132131	10132131	-	105	89	16
chr21	10132177	10132177	+	167	95	72
chr21	10133048	10133048	+	172	170	2
chr21	10133056	10133056	+	172	117	55
chr21	10133080	10133080	+	169	148	21
chr21	10133091	10133091	+	168	80	88
chr21	10133111	10133111	-	58	58	0
chr21	10133159	10133159	+	98	92	6
chr21	10133160	10133160	-	85	77	8
chr21	10133402	10133402	-	10	4	6
chr21	10136614	10136614	+	132	123	9
chr21	10136632	10136632	+	209	60	149
chr21	10136648	10136648	+	206	89	117
chr21	10136731	10136731	-	197	193	4
chr21	10136737	10136737	-	198	189	9
chr21	10136755	10136755	-	201	174	27
chr21	10136772	10136772	+	26	24	2
chr21	10136773	10136773	-	202	181	21
chr21	10145439	10145439	+	40	40	0
chr21	10145470	10145470	+	40	37	3
chr21	10145471	10145471	-	59	57	2
chr21	10145507	10145507	-	61	60	1
chr21	10148068	10148068	+	24	22	2
chr21	10148190	10148190	+	56	46	10
chr21	10148224	10148224	+	53	53	0
chr21	10148396	10148396	-	37	29	8
chr21	10150542	10150542	+	12	12	0
chr21	10150557	10150557	+	12	10	2
chr21	10150573	10150573	+	11	11	0
chr21	10150580	10150580	+	11	7	4
chr21	10151842	10151842	+	18	18	0
chr21	10151849	10151849	+	18	16	2
chr21	10151855	10151855	+	18	11	7
chr21	10151952	10151952	-	79	71	8
chr21	10151967	10151967	+	15	15	0
chr21	10151968	10151968	-	80	76	4
chr21	10152050	10152050	-	32	25	7
chr21	10153229	10153229	+	10	10	0
chr21	10153249	10153249	+	10	10	0
chr21	10154024	10154024	-	50	47	3
chr21	10154062	10154062	-	54	7	47
chr21	10154072	10154072	-	54	54	0
chr21	10154210	10154210	-	143	138	5
chr21	10154226	10154226	-	148	128	20
chr21	10154246	10154246	-	151	140	11
chr21	10154306	10154306	-	56	56	0
chr21	10154872	10154872	+	86	74	12
chr21	10154873	10154873	-	33	29	4
chr21	10154893	10154893	+	83	79	4
chr21	10154894	10154894	-	33	30	3
chr21	10154897	10154897	+	75	1	74
chr21	10154898	10154898	-	34	0	34
chr21	10154915	10154915	+	32	30	2
chr21	10154916	10154916	-	34	33	1
chr21	10156390	10156390	+	69	68	1
chr21	10156406	10156406	+	69	64	5
chr21	10156434	10156434	+	68	68	0
chr21	10156485	10156485	-	45	37	8
chr21	10156496	10156496	-	46	46	0
chr21	10156520	10156520	+	64	57	7
chr21	10156521	10156521	-	47	47	0
chr21	10157292	10157292	+	40	39	1
chr21	10157317	10157317	+	39	37	2
chr21	10157440	10157440	-	144	137	7
chr21	10165618	10165618	+	14	13	1
chr21	10165649	10165649	+	14	11	3
chr21	10166952	10166952	+	10	6	4
chr21	10176577	10176577	-	77	65	12
chr21	10176592	10176592	-	77	67	10
chr21	10186386	10186386	-	18	13	5
chr21	10186452	10186452	+	18	14	4
chr21	10186507	10186507	-	81	72	9
chr21	10186519	10186519	-	117	103	14
chr21	10186541	10186541	-	117	75	42
chr21	10190503	10190503	-	69	67	2
chr21	10190515	10190515	+	52	50	2
chr21	10190516	10190516	-	69	69	0
chr21	10190523	10190523	+	52	46	6
chr21	10190524	10190524	-	44	34	10
chr21	10190541	10190541	+	52	41	11
chr21	10190542	10190542	-	48	38	10
chr21	10190546	10190546	+	49	33	16
chr21	10190547	10190547	-	48	46	2
chr21	10190550	10190550	+	33	18	15
chr21	10190551	10190551	-	47	29	18
chr21	10190555	10190555	+	15	15	0
chr21	10190556	10190556	-	48	48	0
chr21	10190563	10190563	+	15	10	5
chr21	10190574	10190574	+	14	7	7
chr21	10190582	10190582	+	15	1	14
chr21	10190583	10190583	-	19	18	1
chr21	10190586	10190586	+	10	10	0
chr21	10190587	10190587	-	20	20	0
chr21	10190611	10190611	-	21	1	20
chr21	10190622	10190622	-	21	12	9
chr21	10190627	10190627	-	21	11	10
chr21	10190629	10190629	+	21	21	0
chr21	10190630	10190630	-	21	21	0
chr21	10190633	10190633	+	21	15	6
chr21	10190658	10190658	+	21	18	3
chr21	10190669	10190669	+	21	12	9
chr21	10190676	10190676	+	20	19	1
chr21	10190881	10190881	+	88	81	7
chr21	10190896	10190896	+	89	75	14
chr21	10190897	10190897	-	111	96	15
chr21	10190924	10190924	+	53	46	7
chr21	10190925	10190925	-	125	122	3
chr21	10190929	10190929	+	45	32	13
chr21	10190930	10190930	-	126	86	40
chr21	10190937	10190937	-	122	116	4
chr21	10190944	10190944	-	126	125	1
chr21	10191023	10191023	-	72	46	26
chr21	10191062	10191062	-	74	69	5
chr21	10191089	10191089	-	18	18	0
chr21	10191109	10191109	-	18	12	6
chr21	10191112	10191112	-	18	11	7
chr21	10191118	10191118	-	18	17	1
chr21	10191408	10191408	-	51	38	13
chr21	10191430	10191430	-	52	40	12
chr21	10191769	10191769	+	19	19	0
chr21	10191770	10191770	-	107	102	5
chr21	10191773	10191773	+	19	16	3
chr21	10191786	10191786	+	19	16	2
chr21	10191818	10191818	+	17	14	3
chr21	10191819	10191819	-	93	86	7
chr21	10191824	10191824	-	93	73	20
chr21	10191830	10191830	-	94	80	14
chr21	10191838	10191838	-	96	83	13
chr21	10191850	10191850	+	33	33	0
chr21	10191851	10191851	-	97	95	2
chr21	10191857	10191857	+	33	29	3
chr21	10191863	10191863	+	32	19	13
chr21	10191875	10191875	+	30	26	4
chr21	10191878	10191878	+	113	98	15
chr21	10191899	10191899	+	113	111	2
chr21	10191900	10191900	-	93	89	4
chr21	10191906	10191906	+	102	60	42
chr21	10191907	10191907	-	94	59	35
chr21	10191923	10191923	+	86	61	25
chr21	10191924	10191924	-	95	62	33
chr21	10191940	10191940	-	99	68	31
chr21	10192279	10192279	+	112	99	13
chr21	10192318	10192318	+	107	98	9
chr21	10192319	10192319	-	91	91	0
chr21	10192322	10192322	+	107	96	11
chr21	10192323	10192323	-	104	84	20
chr21	10192331	10192331	-	105	88	17
chr21	10192335	10192335	-	105	96	9
chr21	13282433	13282433	+	65	59	6
chr21	13282440	13282440	+	64	39	25
chr21	13294742	13294742	+	54	47	7
chr21	13294755	13294755	+	54	50	4
chr21	13294757	13294757	+	54	54	0
chr21	13294785	13294785	+	52	49	3
chr21	13294893	13294893	-	55	52	3
chr21	13294914	13294914	-	55	55	0
chr21	13306159	13306159	+	15	15	0
chr21	13306171	13306171	+	15	15	0
chr21	13306175	13306175	+	12	11	1
chr21	13306319	13306319	-	22	17	5
chr21	13306339	13306339	-	22	22	0
chr21	13306349	13306349	-	24	24	0
chr21	13317492	13317492	-	12	10	2
chr21	13331902	13331902	-	20	18	2
chr21	13332740	13332740	-	23	23	0
chr21	13332745	13332745	-	23	20	3
chr21	13332749	13332749	-	23	23	0
chr21	13332760	13332760	-	16	16	0
chr21	13332780	13332780	-	16	16	0
chr21	13377533	13377533	-	13	10	3
chr21	13377568	13377568	-	13	12	1
chr21	13606394	13606394	+	23	23	0
chr21	13606472	13606472	-	12	11	1
chr21	13606513	13606513	-	13	13	0
chr21	13662766	13662766	+	46	46	0
chr21	13664888	13664888	+	146	132	14
chr21	13664889	13664889	-	271	259	12
chr21	13666397	13666397	-	355	331	24
chr21	13666506	13666506	-	63	57	6
chr21	13666542	13666542	-	64	51	13
chr21	13666552	13666552	+	31	27	4
chr21	13666553	13666553	-	66	60	6
chr21	13666601	13666601	+	30	29	1
chr21	13666602	13666602	-	11	10	1
chr21	13666604	13666604	-	11	10	1
chr21	13666615	13666615	-	11	11	0
chr21	13666619	13666619	-	11	11	0
chr21	13667288	13667288	+	11	8	3
chr21	13667323	13667323	+	10	8	2
chr21	13667332	13667332	+	11	11	0
chr21	13673214	13673214	+	28	28	0
chr21	13673243	13673243	+	26	24	2
chr21	13673262	13673262	+	23	23	0
chr21	13673290	13673290	+	41	37	4
chr21	13673294	13673294	+	41	40	1
chr21	13673295	13673295	-	12	12	0
chr21	13673327	13673327	+	18	0	18
chr21	13673328	13673328	-	12	0	12
chr21	13673341	13673341	-	12	12	0
chr21	13673405	13673405	-	11	10	1
chr21	13673414	13673414	+	38	37	1
chr21	13673415	13673415	-	12	12	0
chr21	13673458	13673458	+	38	34	4
chr21	13673713	13673713	+	19	19	0
chr21	13673740	13673740	+	18	17	1
chr21	13673754	13673754	+	18	10	8
chr21	13673866	13673866	-	11	3	8
chr21	13673900	13673900	+	16	16	0
chr21	13673901	13673901	-	13	13	0
chr21	13673904	13673904	+	16	8	8
chr21	13673927	13673927	+	16	16	0
chr21	13673937	13673937	+	20	20	0
chr21	13673945	13673945	+	20	20	0
chr21	13673964	13673964	+	19	16	3
chr21	13673983	13673983	+	18	17	1
chr21	13674125	13674125	+	44	40	4
chr21	13675001	13675001	+	21	20	1
chr21	13675005	13675005	+	21	4	17
chr21	13675042	13675042	+	20	20	0
chr21	13675047	13675047	+	19	19	0
chr21	13675113	13675113	-	26	25	1
chr21	13722691	13722691	-	11	9	2
chr21	13722718	13722718	+	27	27	0
chr21	13722734	13722734	+	27	26	1
chr21	13722743	13722743	+	27	22	5
chr21	13776930	13776930	+	11	9	2
chr21	13786212	13786212	+	50	35	15
chr21	13808881	13808881	-	32	31	1
chr21	13808910	13808910	+	16	16	0
chr21	13808911	13808911	-	37	37	0
chr21	13866816	13866816	+	17	17	0
chr21	13866838	13866838	+	17	17	0
chr21	13877640	13877640	+	47	30	17
chr21	13877808	13877808	-	49	48	1
chr21	13877816	13877816	+	21	21	0
chr21	13877854	13877854	+	15	12	3
chr21	13877855	13877855	-	11	8	3
chr21	13877896	13877896	-	11	9	2
chr21	13877899	13877899	-	11	11	0
chr21	13878804	13878804	-	12	10	2
chr21	13958077	13958077	-	17	16	1
chr21	13958080	13958080	-	18	18	0
chr21	13958094	13958094	-	19	17	2
chr21	13958107	13958107	-	19	17	2
chr21	13958265	13958265	+	14	13	1
chr21	13958266	13958266	-	59	56	3
chr21	13958466	13958466	+	12	11	1
chr21	13958467	13958467	-	26	0	26
chr21	13958515	13958515	+	12	0	12
chr21	13958516	13958516	-	27	27	0
chr21	13960041	13960041	+	20	18	2
chr21	13960067	13960067	+	19	16	3
chr21	13960069	13960069	+	19	19	0
chr21	13960080	13960080	+	19	17	2
chr21	13960088	13960088	+	18	18	0
chr21	13960744	13960744	-	12	12	0
chr21	13960748	13960748	-	13	11	2
chr21	13960753	13960753	-	13	13	0
chr21	13960772	13960772	-	13	13	0
chr21	13961296	13961296	-	11	11	0
chr21	13961321	13961321	-	11	11	0
chr21	13974282	13974282	+	17	17	0
chr21	13974286	13974286	+	17	17	0
chr21	13974288	13974288	+	17	15	2
chr21	13974325	13974325	+	16	16	0
chr21	13989277	13989277	+	27	25	2
chr21	13989282	13989282	+	27	23	4
chr21	13989284	13989284	+	27	23	4
chr21	13989303	13989303	+	27	19	8
chr21	13989320	13989320	+	25	25	0
chr21	13989384	13989384	-	30	19	11
chr21	13989387	13989387	-	28	19	9
chr21	13989431	13989431	+	31	28	3
chr21	13989432	13989432	-	30	30	0
chr21	13989448	13989448	+	31	30	1
chr21	13989449	13989449	-	30	25	5
chr21	13989451	13989451	+	30	22	8
chr21	13989452	13989452	-	32	25	7
chr21	13989454	13989454	+	31	31	0
chr21	13989455	13989455	-	32	32	0
chr21	13989497	13989497	-	35	33	2
chr21	13990130	13990130	+	51	51	0
chr21	13990159	13990159	+	51	51	0
chr21	13990171	13990171	+	48	48	0
chr21	13990284	13990284	-	32	27	5
chr21	13990302	13990302	-	33	26	7
chr21	13990316	13990316	-	34	33	1
chr21	13990852	13990852	-	16	10	6
chr21	13990874	13990874	-	16	15	1
chr21	13990884	13990884	-	13	7	6
chr21	13990904	13990904	-	14	5	9
chr21	13990906	13990906	-	14	4	10
chr21	13990916	13990916	-	14	7	7
chr21	13990947	13990947	+	35	27	8
chr21	13990954	13990954	+	35	17	18
chr21	13990966	13990966	+	35	17	18
chr21	13990972	13990972	+	33	10	23
chr21	13990993	13990993	+	29	19	10
chr21	13991040	13991040	-	39	14	25
chr21	13991046	13991046	-	39	4	35
chr21	13991062	13991062	-	40	23	16
chr21	13991068	13991068	+	25	18	7
chr21	13991069	13991069	-	40	25	15
chr21	13991085	13991085	+	25	13	12
chr21	13991112	13991112	+	22	14	8
chr21	13991220	13991220	-	47	21	26
chr21	13991229	13991229	-	47	31	16
chr21	13991248	13991248	-	47	37	10
chr21	13991538	13991538	+	12	9	3
chr21	13991545	13991545	+	13	6	7
chr21	13991556	13991556	+	12	3	9
chr21	13991572	13991572	+	12	6	6
chr21	13998967	13998967	+	17	8	9
chr21	13998987	13998987	+	17	3	14
chr21	13999005	13999005	+	17	7	10
chr21	13999011	13999011	+	17	11	6
chr21	13999012	13999012	-	26	6	20
chr21	13999023	13999023	-	29	14	15
chr21	13999031	13999031	-	28	8	20
chr21	13999039	13999039	-	29	7	22
chr21	13999041	13999041	-	29	12	17
chr21	13999059	13999059	-	29	13	16
chr21	13999082	13999082	+	15	6	9
chr21	13999089	13999089	+	15	7	8
chr21	13999095	13999095	+	15	12	3
chr21	13999103	13999103	+	15	12	3
chr21	13999107	13999107	+	15	6	9
chr21	13999114	13999114	+	15	7	8
chr21	13999129	13999129	-	26	8	18
chr21	13999132	13999132	-	26	3	23
chr21	13999142	13999142	-	28	2	26
chr21	13999150	13999150	-	28	6	22
chr21	13999168	13999168	-	28	23	5
chr21	13999192	13999192	+	23	20	3
chr21	13999199	13999199	+	23	20	3
chr21	13999206	13999206	+	23	16	7
chr21	13999210	13999210	+	23	11	12
chr21	13999212	13999212	+	23	12	11
chr21	13999237	13999237	-	21	16	5
chr21	13999239	13999239	-	21	1	20
chr21	13999247	13999247	-	19	1	18
chr21	13999249	13999249	-	20	3	17
chr21	13999252	13999252	-	21	14	7
chr21	13999256	13999256	-	20	10	10
chr21	13999262	13999262	+	16	8	8
chr21	13999263	13999263	-	21	11	10
chr21	13999275	13999275	+	16	6	10
chr21	13999276	13999276	-	24	1	23
chr21	13999277	13999277	+	15	6	9
chr21	13999278	13999278	-	25	2	23
chr21	13999287	13999287	+	16	4	12
chr21	13999288	13999288	-	24	6	18
chr21	13999294	13999294	+	16	15	1
chr21	13999295	13999295	-	28	18	10
chr21	13999299	13999299	+	16	13	3
chr21	13999300	13999300	-	28	21	7
chr21	13999304	13999304	+	10	6	4
chr21	13999305	13999305	-	28	12	16
chr21	13999309	13999309	+	12	12	0
chr21	13999310	13999310	-	28	16	12
chr21	13999313	13999313	+	30	28	2
chr21	13999314	13999314	-	47	19	28
chr21	13999343	13999343	+	26	4	22
chr21	13999344	13999344	-	20	18	2
chr21	13999347	13999347	+	11	7	4
chr21	13999348	13999348	-	20	7	13
chr21	13999362	13999362	+	34	10	24
chr21	13999363	13999363	-	20	20	0
chr21	13999397	13999397	+	17	17	0
chr21	13999401	13999401	+	17	8	9
chr21	13999404	13999404	+	16	7	9
chr21	13999415	13999415	+	16	10	6
chr21	13999446	13999446	+	40	18	22
chr21	13999449	13999449	+	36	9	27
chr21	13999451	13999451	+	35	16	19
chr21	13999456	13999456	+	35	4	31
chr21	13999457	13999457	-	14	4	10
chr21	13999458	13999458	+	35	10	25
chr21	13999459	13999459	-	17	7	10
chr21	13999467	13999467	+	36	13	23
chr21	13999468	13999468	-	17	9	8
chr21	13999475	13999475	+	36	9	27
chr21	13999476	13999476	-	19	8	11
chr21	13999477	13999477	+	36	15	21
chr21	13999478	13999478	-	19	15	4
chr21	13999493	13999493	+	36	8	28
chr21	13999494	13999494	-	19	12	7
chr21	13999509	13999509	+	13	4	9
chr21	13999517	13999517	+	15	6	9
chr21	13999528	13999528	+	12	3	9
chr21	13999533	13999533	+	12	4	8
chr21	13999541	13999541	+	29	14	15
chr21	13999547	13999547	+	16	8	8
chr21	13999551	13999551	+	16	12	4
chr21	13999561	13999561	+	16	7	9
chr21	13999562	13999562	-	24	14	10
chr21	13999566	13999566	+	15	5	10
chr21	13999567	13999567	-	25	22	3
chr21	13999568	13999568	+	16	10	6
chr21	13999569	13999569	-	25	17	8
chr21	13999574	13999574	+	16	8	8
chr21	13999575	13999575	-	27	22	5
chr21	13999587	13999587	+	15	14	1
chr21	13999588	13999588	-	27	25	2
chr21	13999610	13999610	-	27	26	1
chr21	13999937	13999937	+	25	25	0
chr21	13999971	13999971	+	24	15	9
chr21	14000056	14000056	+	25	25	0
chr21	14000092	14000092	+	25	23	2
chr21	14017672	14017672	-	16	2	14
chr21	14017676	14017676	-	16	4	12
chr21	14017680	14017680	-	16	4	12
chr21	14017684	14017684	-	15	6	9
chr21	14017688	14017688	-	16	6	10
chr21	14017690	14017690	-	16	5	11
chr21	14017696	14017696	-	16	5	11
chr21	14017700	14017700	-	16	9	7
chr21	14017703	14017703	-	16	2	14
chr21	14017707	14017707	-	16	6	10
chr21	14017772	14017772	-	19	8	11
chr21	14017775	14017775	-	19	11	8
chr21	14017778	14017778	-	19	10	9
chr21	14017781	14017781	-	19	15	4
chr21	14017784	14017784	-	19	6	13
chr21	14017795	14017795	+	12	8	4
chr21	14017796	14017796	-	19	17	2
chr21	14017821	14017821	+	12	8	4
chr21	14017822	14017822	-	21	4	17
chr21	14017831	14017831	+	11	1	10
chr21	14017832	14017832	-	21	4	17
chr21	14017835	14017835	-	21	8	13
chr21	14017929	14017929	-	20	5	15
chr21	14017936	14017936	-	20	6	14
chr21	14017945	14017945	-	20	15	5
chr21	14017999	14017999	-	10	7	3
chr21	14018024	14018024	-	10	1	9
chr21	14018027	14018027	+	15	12	3
chr21	14018028	14018028	-	10	6	4
chr21	14018046	14018046	+	14	2	12
chr21	14018050	14018050	+	15	2	13
chr21	14018053	14018053	+	15	5	10
chr21	14018056	14018056	+	15	7	8
chr21	14018224	14018224	+	25	23	2
chr21	14018261	14018261	+	23	5	18
chr21	14018268	14018268	+	23	12	11
chr21	14020269	14020269	-	10	8	2
chr21	14024381	14024381	+	11	11	0
chr21	14057234	14057234	+	44	42	2
chr21	14057394	14057394	+	25	25	0
chr21	14057829	14057829	-	19	19	0
chr21	14057832	14057832	-	19	19	0
chr21	14057847	14057847	-	19	19	0
chr21	14057861	14057861	-	19	19	0
chr21	14057892	14057892	-	27	26	1
chr21	14057932	14057932	-	30	30	0
chr21	14059879	14059879	+	34	34	0
chr21	14059887	14059887	+	34	34	0
chr21	14071266	14071266	+	22	22	0
chr21	14071286	14071286	+	21	20	1
chr21	14087124	14087124	+	36	36	0
chr21	14087127	14087127	+	36	30	6
chr21	14087251	14087251	+	30	30	0
chr21	14087252	14087252	-	20	0	20
chr21	14087290	14087290	+	27	27	0
chr21	14087291	14087291	-	21	20	1
chr21	14087298	14087298	+	26	0	26
chr21	14087299	14087299	-	21	20	1
chr21	14120848	14120848	+	28	23	5
chr21	14120854	14120854	+	28	22	6
chr21	14120864	14120864	+	28	26	2
chr21	14120869	14120869	+	28	28	0
chr21	14120874	14120874	+	28	28	0
chr21	14120949	14120949	+	56	46	10
chr21	14120991	14120991	+	51	43	8
chr21	14121388	14121388	+	14	14	0
chr21	14121409	14121409	+	14	12	2
chr21	14121411	14121411	+	14	12	2
chr21	14121428	14121428	+	14	12	2
chr21	14121557	14121557	-	43	43	0
chr21	14121571	14121571	-	43	43	0
chr21	14121733	14121733	-	37	26	11
chr21	14121754	14121754	-	37	37	0
chr21	14121762	14121762	-	37	37	0
chr21	14121978	14121978	-	10	10	0
chr21	14121987	14121987	-	10	10	0
chr21	14122010	14122010	+	49	49	0
chr21	14122011	14122011	-	10	10	0
chr21	14122043	14122043	+	47	47	0
chr21	14122048	14122048	+	48	45	3
chr21	14122053	14122053	+	45	41	4
chr21	14138023	14138023	+	14	13	1
chr21	14138059	14138059	+	11	10	1
chr21	14138262	14138262	-	13	8	5
chr21	14138285	14138285	-	13	13	0
chr21	14143530	14143530	+	23	23	0
chr21	14143619	14143619	+	10	5	5
chr21	14229161	14229161	+	13	12	1
chr21	14229162	14229162	-	11	11	0
chr21	14229171	14229171	+	13	4	9
chr21	14229194	14229194	+	13	13	0
chr21	14229195	14229195	-	15	15	0
chr21	14229197	14229197	+	12	11	1
chr21	14229198	14229198	-	15	15	0
chr21	14229209	14229209	-	16	13	3
chr21	14229227	14229227	-	17	0	17
chr21	14229238	14229238	-	17	17	0
chr21	14229308	14229308	-	25	23	2
chr21	14229349	14229349	-	28	28	0
chr21	14229385	14229385	+	12	12	0
chr21	14229420	14229420	+	12	12	0
chr21	14229434	14229434	+	12	12	0
chr21	14229458	14229458	-	26	26	0
chr21	14229490	14229490	-	26	25	1
chr21	14229499	14229499	-	26	26	0
chr21	14229946	14229946	-	29	29	0
chr21	14229948	14229948	-	29	24	5
chr21	14229992	14229992	-	29	27	2
chr21	14230065	14230065	+	21	20	1
chr21	14230075	14230075	+	21	21	0
chr21	14230136	14230136	-	21	16	5
chr21	14230140	14230140	-	21	21	0
chr21	14230187	14230187	-	27	23	4
chr21	14230216	14230216	-	30	30	0
chr21	14230284	14230284	-	21	20	1
chr21	14230293	14230293	-	21	21	0
chr21	14230366	14230366	+	14	13	1
chr21	14230376	14230376	+	12	1	11
chr21	14230554	14230554	+	11	11	0
chr21	14230660	14230660	-	49	49	0
chr21	14230665	14230665	-	50	49	1
chr21	14230669	14230669	-	50	50	0
chr21	14230706	14230706	-	51	51	0
chr21	14230716	14230716	-	17	17	0
chr21	14230737	14230737	-	20	20	0
chr21	14230744	14230744	-	21	21	0
chr21	14230747	14230747	+	18	16	2
chr21	14230748	14230748	-	21	21	0
chr21	14230784	14230784	+	12	11	1
chr21	14230794	14230794	+	12	11	1
chr21	14230795	14230795	-	10	8	2
chr21	14230812	14230812	+	11	11	0
chr21	14230813	14230813	-	10	10	0
chr21	14230824	14230824	-	10	10	0
chr21	14275419	14275419	+	11	8	3
chr21	14275446	14275446	+	11	11	0
chr21	14275564	14275564	-	32	30	2
chr21	14275582	14275582	-	32	32	0
chr21	14280217	14280217	-	10	10	0
chr21	14280366	14280366	-	47	47	0
chr21	14281495	14281495	-	48	47	1
chr21	14302266	14302266	+	18	18	0
chr21	14302317	14302317	-	17	17	0
chr21	14302775	14302775	-	12	8	4
chr21	14303048	14303048	+	10	10	0
chr21	14303083	14303083	+	10	10	0
chr21	14303155	14303155	+	15	15	0
chr21	14303159	14303159	+	15	15	0
chr21	14303898	14303898	+	11	11	0
chr21	14303914	14303914	+	12	12	0
chr21	14303925	14303925	+	12	11	1
chr21	14305115	14305115	-	12	12	0
chr21	14305155	14305155	+	31	26	5
chr21	14305156	14305156	-	12	11	1
chr21	14305244	14305244	+	26	25	1
chr21	14305245	14305245	-	11	11	0
chr21	14305310	14305310	+	15	15	0
chr21	14305311	14305311	-	19	19	0
chr21	14305321	14305321	+	15	13	2
chr21	14305403	14305403	-	10	10	0
chr21	14305410	14305410	-	10	10	0
chr21	14306356	14306356	+	108	105	3
chr21	14306363	14306363	+	107	107	0
chr21	14306383	14306383	+	104	100	4
chr21	14306497	14306497	-	18	18	0
chr21	14306746	14306746	-	28	25	3
chr21	14306754	14306754	-	29	29	0
chr21	14307455	14307455	-	20	20	0
chr21	14308928	14308928	-	21	20	1
chr21	14308968	14308968	-	21	20	1
chr21	14308972	14308972	-	21	21	0
chr21	14321017	14321017	+	37	36	1
chr21	14321118	14321118	-	27	25	2
chr21	14321134	14321134	-	27	27	0
chr21	14321610	14321610	+	10	0	10
chr21	14321620	14321620	+	10	0	10
chr21	14321622	14321622	+	10	0	10
chr21	14321650	14321650	+	10	0	10
chr21	14321651	14321651	-	30	0	30
chr21	14321686	14321686	+	21	0	21
chr21	14321687	14321687	-	45	0	45
chr21	14321696	14321696	+	21	0	21
chr21	14321697	14321697	-	15	0	15
chr21	14321717	14321717	+	21	0	21
chr21	14321718	14321718	-	15	3	12
chr21	14321720	14321720	+	21	0	21
chr21	14321721	14321721	-	15	0	15
chr21	14321842	14321842	+	20	0	20
chr21	14321855	14321855	+	19	0	19
chr21	14321861	14321861	+	20	2	18
chr21	14321875	14321875	+	17	0	17
chr21	14321876	14321876	-	44	0	44
chr21	14321880	14321880	+	19	0	19
chr21	14321881	14321881	-	44	0	44
chr21	14321914	14321914	-	45	0	45
chr21	14348810	14348810	+	29	29	0
chr21	14348845	14348845	+	29	24	5
chr21	14348846	14348846	-	31	31	0
chr21	14348848	14348848	+	29	29	0
chr21	14348849	14348849	-	31	26	5
chr21	14348893	14348893	-	32	32	0
chr21	14350317	14350317	+	22	22	0
chr21	14350562	14350562	-	14	14	0
chr21	14352384	14352384	+	55	55	0
chr21	14352556	14352556	-	14	0	14
chr21	14352592	14352592	-	16	16	0
chr21	14356768	14356768	+	14	14	0
chr21	14356777	14356777	+	14	14	0
chr21	14356801	14356801	+	13	13	0
chr21	14357926	14357926	+	64	64	0
chr21	14357942	14357942	+	64	58	6
chr21	14357945	14357945	+	63	63	0
chr21	14357956	14357956	+	50	50	0
chr21	14357962	14357962	+	56	51	5
chr21	14358042	14358042	-	35	30	5
chr21	14358047	14358047	-	35	33	2
chr21	14358077	14358077	+	24	19	5
chr21	14358078	14358078	-	36	36	0
chr21	14358090	14358090	+	24	18	6
chr21	14358091	14358091	-	22	22	0
chr21	14358092	14358092	+	24	18	6
chr21	14358093	14358093	-	22	22	0
chr21	14358096	14358096	+	24	19	5
chr21	14358097	14358097	-	22	22	0
chr21	14358116	14358116	+	24	15	9
chr21	14358117	14358117	-	24	24	0
chr21	14358131	14358131	+	25	25	0
chr21	14358132	14358132	-	23	22	1
chr21	14358134	14358134	+	25	25	0
chr21	14358143	14358143	+	25	25	0
chr21	14358146	14358146	+	25	24	1
chr21	14358154	14358154	+	25	24	1
chr21	14358155	14358155	-	18	17	1
chr21	14358178	14358178	+	25	7	18
chr21	14358179	14358179	-	25	0	25
chr21	14358180	14358180	+	25	24	0
chr21	14358181	14358181	-	27	25	2
chr21	14358186	14358186	-	28	25	3
chr21	14358196	14358196	-	29	27	2
chr21	14358203	14358203	-	29	29	0
chr21	14358275	14358275	-	28	27	1
chr21	14358284	14358284	-	29	24	5
chr21	14358291	14358291	-	30	29	1
chr21	14358314	14358314	-	30	29	1
chr21	14358487	14358487	+	32	32	0
chr21	14358528	14358528	+	32	31	1
chr21	14358534	14358534	+	32	32	0
chr21	14358577	14358577	-	10	10	0
chr21	14358585	14358585	-	10	7	3
chr21	14358592	14358592	-	10	10	0
chr21	14358604	14358604	+	84	84	0
chr21	14358612	14358612	+	83	0	83
chr21	14358635	14358635	+	80	74	6
chr21	14358648	14358648	+	75	72	3
chr21	14358651	14358651	+	72	72	0
chr21	14358700	14358700	-	57	57	0
chr21	14358725	14358725	-	59	55	4
chr21	14358737	14358737	+	10	10	0
chr21	14358738	14358738	-	60	55	5
chr21	14358760	14358760	+	10	10	0
chr21	14360174	14360174	-	12	10	2
chr21	14360181	14360181	-	13	12	1
chr21	14364836	14364836	+	14	14	0
chr21	14364849	14364849	+	14	14	0
chr21	14364850	14364850	-	16	16	0
chr21	14364855	14364855	+	14	13	1
chr21	14364856	14364856	-	18	15	3
chr21	14364861	14364861	+	14	14	0
chr21	14364862	14364862	-	19	19	0
chr21	14364879	14364879	+	64	64	0
chr21	14364880	14364880	-	19	19	0
chr21	14364882	14364882	+	63	63	0
chr21	14364894	14364894	+	64	64	0
chr21	14364896	14364896	+	64	64	0
chr21	14364917	14364917	+	56	50	6
chr21	14364979	14364979	-	19	18	1
chr21	14364981	14364981	-	21	21	0
chr21	14364995	14364995	-	21	19	2
chr21	14365015	14365015	-	23	23	0
chr21	14365019	14365019	-	23	23	0
chr21	14365025	14365025	-	23	20	3
chr21	14365030	14365030	+	12	12	0
chr21	14365059	14365059	+	11	9	2
chr21	14365077	14365077	+	11	11	0
chr21	14365259	14365259	+	19	19	0
chr21	14365260	14365260	-	28	28	0
chr21	14365278	14365278	+	19	18	1
chr21	14365296	14365296	+	18	10	8
chr21	14365648	14365648	+	29	29	0
chr21	14365665	14365665	+	29	29	0
chr21	14365671	14365671	+	29	29	0
chr21	14365683	14365683	+	27	22	5
chr21	14365688	14365688	+	27	24	3
chr21	14365696	14365696	+	26	26	0
chr21	14365748	14365748	-	35	35	0
chr21	14365755	14365755	-	36	30	6
chr21	14365777	14365777	-	37	35	2
chr21	14365791	14365791	-	37	33	4
chr21	14366063	14366063	+	14	14	0
chr21	14366096	14366096	+	14	14	0
chr21	14366097	14366097	-	17	16	1
chr21	14366108	14366108	+	12	12	0
chr21	14366109	14366109	-	17	17	0
chr21	14366120	14366120	+	24	24	0
chr21	14366121	14366121	-	16	16	0
chr21	14366211	14366211	-	69	69	0
chr21	14366216	14366216	-	69	67	2
chr21	14366245	14366245	-	74	62	12
chr21	14366254	14366254	-	74	74	0
chr21	14366493	14366493	-	15	15	0
chr21	14366497	14366497	-	15	15	0
chr21	14366513	14366513	-	15	15	0
chr21	14366530	14366530	+	12	11	1
chr21	14366531	14366531	-	15	15	0
chr21	14366580	14366580	+	26	26	0
chr21	14366581	14366581	-	22	22	0
chr21	14366595	14366595	+	25	25	0
chr21	14366605	14366605	+	25	25	0
chr21	14366612	14366612	+	25	24	1
chr21	14366625	14366625	+	25	25	0
chr21	14366626	14366626	-	18	14	4
chr21	14366655	14366655	-	18	17	1
chr21	14366658	14366658	-	18	18	0
chr21	14366663	14366663	-	18	18	0
chr21	14366922	14366922	+	12	11	1
chr21	14366923	14366923	-	30	29	1
chr21	14366939	14366939	+	11	11	0
chr21	14366940	14366940	-	20	19	1
chr21	14366954	14366954	+	12	10	2
chr21	14366955	14366955	-	20	20	0
chr21	14366972	14366972	+	18	18	0
chr21	14366973	14366973	-	20	19	1
chr21	14367008	14367008	+	17	15	2
chr21	14367009	14367009	-	21	20	1
chr21	14367010	14367010	+	17	15	2
chr21	14367011	14367011	-	22	22	0
chr21	14367014	14367014	+	16	12	4
chr21	14367015	14367015	-	24	23	1
chr21	14367045	14367045	-	24	23	1
chr21	14367054	14367054	-	24	23	1
chr21	14367059	14367059	+	13	13	0
chr21	14367062	14367062	+	13	13	0
chr21	14367092	14367092	+	13	13	0
chr21	14367099	14367099	+	12	12	0
chr21	14367103	14367103	+	12	11	1
chr21	14367105	14367105	+	12	12	0
chr21	14367175	14367175	+	18	18	0
chr21	14367176	14367176	-	27	24	3
chr21	14367190	14367190	+	18	18	0
chr21	14367207	14367207	+	16	16	0
chr21	14367213	14367213	+	16	15	1
chr21	14367220	14367220	+	15	12	3
chr21	14367242	14367242	-	16	12	4
chr21	14367268	14367268	-	16	12	4
chr21	14367278	14367278	+	10	10	0
chr21	14367279	14367279	-	36	16	20
chr21	14367292	14367292	+	11	11	0
chr21	14367293	14367293	-	20	20	0
chr21	14367296	14367296	+	11	11	0
chr21	14367297	14367297	-	20	20	0
chr21	14367310	14367310	+	11	11	0
chr21	14367311	14367311	-	20	20	0
chr21	14367325	14367325	+	32	21	11
chr21	14367326	14367326	-	21	20	1
chr21	14367357	14367357	+	18	18	0
chr21	14367414	14367414	-	65	60	5
chr21	14367456	14367456	-	79	79	0
chr21	14367459	14367459	-	79	79	0
chr21	14367464	14367464	+	18	18	0
chr21	14367497	14367497	+	18	18	0
chr21	14367498	14367498	-	18	14	4
chr21	14367515	14367515	-	21	21	0
chr21	14367517	14367517	-	21	20	1
chr21	14367533	14367533	+	85	81	4
chr21	14367534	14367534	-	22	22	0
chr21	14367545	14367545	+	82	82	0
chr21	14367582	14367582	+	80	80	0
chr21	14367621	14367621	-	108	102	6
chr21	14367628	14367628	-	112	112	0
chr21	14367665	14367665	+	20	20	0
chr21	14367666	14367666	-	117	115	2
chr21	14367701	14367701	+	18	18	0
chr21	14367702	14367702	-	20	20	0
chr21	14367705	14367705	+	18	18	0
chr21	14367706	14367706	-	19	14	5
chr21	14367716	14367716	-	20	20	0
chr21	14367739	14367739	+	20	20	0
chr21	14367740	14367740	-	20	20	0
chr21	14367882	14367882	-	40	40	0
chr21	14367894	14367894	-	40	40	0
chr21	14367961	14367961	-	29	29	0
chr21	14367979	14367979	-	30	29	1
chr21	14368400	14368400	+	20	20	0
chr21	14368415	14368415	+	20	17	3
chr21	14368438	14368438	+	19	18	1
chr21	14368445	14368445	+	16	16	0
chr21	14368446	14368446	-	12	12	0
chr21	14368475	14368475	-	13	13	0
chr21	14368481	14368481	-	13	13	0
chr21	14368489	14368489	+	12	12	0
chr21	14368490	14368490	-	13	13	0
chr21	14368539	14368539	+	11	11	0
chr21	14368540	14368540	-	26	26	0
chr21	14368552	14368552	+	11	11	0
chr21	14368553	14368553	-	25	25	0
chr21	14368590	14368590	-	26	24	2
chr21	14369784	14369784	+	21	21	0
chr21	14369826	14369826	+	17	17	0
chr21	14370018	14370018	-	12	12	0
chr21	14370025	14370025	+	58	49	9
chr21	14370143	14370143	-	65	65	0
chr21	14370153	14370153	-	71	71	0
chr21	14370169	14370169	-	393	313	80
chr21	14370180	14370180	+	16	16	0
chr21	14370181	14370181	-	394	299	95
chr21	14370193	14370193	+	15	14	1
chr21	14370195	14370195	+	15	11	4
chr21	14370268	14370268	+	12	12	0
chr21	14370269	14370269	-	16	14	2
chr21	14370310	14370310	+	22	22	0
chr21	14370318	14370318	+	22	21	1
chr21	14370352	14370352	+	21	21	0
chr21	14370353	14370353	-	25	23	2
chr21	14370359	14370359	+	21	20	1
chr21	14370360	14370360	-	25	25	0
chr21	14370376	14370376	-	24	24	0
chr21	14370384	14370384	-	11	11	0
chr21	14370415	14370415	+	31	31	0
chr21	14370416	14370416	-	11	11	0
chr21	14370433	14370433	+	30	30	0
chr21	14370444	14370444	+	30	30	0
chr21	14370457	14370457	+	27	24	3
chr21	14370521	14370521	+	24	24	0
chr21	14370528	14370528	+	24	23	1
chr21	14370529	14370529	-	22	22	0
chr21	14370535	14370535	+	23	22	1
chr21	14370536	14370536	-	22	22	0
chr21	14370559	14370559	+	22	20	2
chr21	14370560	14370560	-	22	22	0
chr21	14370576	14370576	-	22	22	0
chr21	14371662	14371662	+	30	28	2
chr21	14371668	14371668	+	30	30	0
chr21	14371678	14371678	+	30	28	2
chr21	14371698	14371698	+	30	28	2
chr21	14371781	14371781	-	27	27	0
chr21	14373909	14373909	+	33	33	0
chr21	14374515	14374515	+	39	36	3
chr21	14374542	14374542	+	36	36	0
chr21	14374557	14374557	+	34	34	0
chr21	14374686	14374686	+	42	42	0
chr21	14374687	14374687	-	19	19	0
chr21	14374689	14374689	+	42	39	3
chr21	14374698	14374698	+	42	35	7
chr21	14374766	14374766	+	20	20	0
chr21	14374771	14374771	+	20	20	0
chr21	14374774	14374774	+	20	20	0
chr21	14374802	14374802	+	19	19	0
chr21	14376417	14376417	-	11	0	11
chr21	14376427	14376427	+	12	8	4
chr21	14376428	14376428	-	11	0	11
chr21	14376512	14376512	-	71	68	3
chr21	14376555	14376555	+	12	12	0
chr21	14376556	14376556	-	76	76	0
chr21	14376609	14376609	-	15	15	0
chr21	14376611	14376611	-	15	15	0
chr21	14376644	14376644	-	20	10	10
chr21	14377513	14377513	+	19	17	2
chr21	14377532	14377532	+	19	19	0
chr21	14377533	14377533	-	15	15	0
chr21	14377537	14377537	+	19	19	0
chr21	14377538	14377538	-	16	16	0
chr21	14377576	14377576	-	16	15	1
chr21	14377582	14377582	-	16	15	1
chr21	14378277	14378277	-	15	15	0
chr21	14378283	14378283	+	13	13	0
chr21	14378284	14378284	-	15	15	0
chr21	14378291	14378291	+	13	13	0
chr21	14378306	14378306	+	13	13	0
chr21	14378318	14378318	+	11	11	0
chr21	14378325	14378325	+	11	8	3
chr21	14378377	14378377	-	11	11	0
chr21	14378379	14378379	-	11	11	0
chr21	14378407	14378407	-	14	14	0
chr21	14378417	14378417	-	15	15	0
chr21	14379889	14379889	-	36	36	0
chr21	14379907	14379907	-	36	36	0
chr21	14381228	14381228	+	29	19	10
chr21	14381276	14381276	+	22	19	3
chr21	14381368	14381368	-	27	27	0
chr21	14387377	14387377	+	30	30	0
chr21	14387426	14387426	+	28	0	28
chr21	14387427	14387427	-	15	15	0
chr21	14399703	14399703	+	11	11	0
chr21	14399864	14399864	-	11	10	1
chr21	14399868	14399868	-	11	11	0
chr21	14510325	14510325	+	17	0	17
chr21	14510326	14510326	-	21	0	20
chr21	14510336	14510336	+	15	0	15
chr21	14510337	14510337	-	15	0	15
chr21	14510363	14510363	+	16	0	16
chr21	14510364	14510364	-	15	0	15
chr21	14510368	14510368	-	15	0	15
chr21	14510373	14510373	+	67	0	67
chr21	14510374	14510374	-	15	0	15
chr21	14510402	14510402	+	69	0	69
chr21	14510411	14510411	+	69	0	69
chr21	14510480	14510480	-	27	0	27
chr21	14510496	14510496	-	29	0	29
chr21	14510499	14510499	-	29	0	29
chr21	14510507	14510507	-	28	0	28
chr21	14510514	14510514	-	29	0	29
chr21	14510517	14510517	-	29	0	29
chr21	14510522	14510522	-	29	0	29
chr21	14568171	14568171	+	29	1	28
chr21	14568176	14568176	+	27	1	26
chr21	14568183	14568183	+	29	1	28
chr21	14568196	14568196	+	28	1	27
chr21	14568204	14568204	+	25	1	24
chr21	14568220	14568220	+	27	1	26
chr21	14595392	14595392	-	66	66	0
chr21	14595418	14595418	-	67	67	0
chr21	14677069	14677069	-	10	0	10
chr21	14677096	14677096	+	13	0	13
chr21	14677097	14677097	-	10	0	10
chr21	14677113	14677113	+	12	0	12
chr21	14677119	14677119	+	13	0	13
chr21	14677134	14677134	+	13	0	13
chr21	14677142	14677142	+	13	0	13
chr21	14677244	14677244	-	20	0	20
chr21	14677252	14677252	-	25	0	25
chr21	14677256	14677256	-	25	0	25
chr21	14677276	14677276	+	17	0	17
chr21	14677277	14677277	-	26	0	26
chr21	14677294	14677294	+	16	0	16
chr21	14677320	14677320	+	16	0	16
chr21	14677323	14677323	+	16	0	16
chr21	14677352	14677352	-	15	0	15
chr21	14677362	14677362	-	11	0	11
chr21	14677376	14677376	+	52	5	47
chr21	14677377	14677377	-	15	0	15
chr21	14677385	14677385	+	51	0	51
chr21	14677409	14677409	+	50	0	50
chr21	14677504	14677504	-	38	0	38
chr21	14677516	14677516	-	52	0	52
chr21	14677535	14677535	-	52	0	52
chr21	14677540	14677540	-	52	0	52
chr21	14677544	14677544	-	52	0	52
chr21	14773120	14773120	+	13	13	0
chr21	14791643	14791643	+	41	41	0
chr21	14791677	14791677	+	40	39	1
chr21	14791716	14791716	-	19	19	0
chr21	14791723	14791723	-	19	18	1
chr21	14791725	14791725	-	19	19	0
chr21	14791733	14791733	-	19	19	0
chr21	14791739	14791739	-	19	19	0
chr21	14791744	14791744	-	20	20	0
chr21	14791749	14791749	-	20	20	0
chr21	14791758	14791758	-	20	19	1
chr21	14824325	14824325	-	47	40	7
chr21	14824366	14824366	-	50	50	0
chr21	14906401	14906401	-	13	13	0
chr21	14938572	14938572	-	25	24	1
chr21	15085832	15085832	+	15	15	0
chr21	15085875	15085875	+	14	14	0
chr21	15114100	15114100	+	11	10	1
chr21	15114157	15114157	-	19	19	0
chr21	15114205	15114205	-	20	20	0
chr21	15136527	15136527	+	31	31	0
chr21	15136531	15136531	+	31	29	2
chr21	15136547	15136547	+	31	31	0
chr21	15136548	15136548	-	23	22	1
chr21	15136596	15136596	-	25	20	5
chr21	15181507	15181507	+	13	12	1
chr21	15181541	15181541	+	12	12	0
chr21	15181542	15181542	-	21	21	0
chr21	15181553	15181553	+	12	12	0
chr21	15181554	15181554	-	22	20	2
chr21	15181558	15181558	-	22	22	0
chr21	15221188	15221188	+	27	27	0
chr21	15221580	15221580	+	39	36	3
chr21	15221592	15221592	+	37	36	1
chr21	15221626	15221626	+	34	34	0
chr21	15241981	15241981	+	88	88	0
chr21	15242079	15242079	-	70	69	1
chr21	15242126	15242126	-	75	70	5
chr21	15286353	15286353	+	26	26	0
chr21	15286362	15286362	+	26	21	5
chr21	15286377	15286377	+	26	22	4
chr21	15290565	15290565	-	32	32	0
chr21	15338171	15338171	+	38	20	18
chr21	15338199	15338199	+	38	20	18
chr21	15338207	15338207	+	38	36	2
chr21	15358331	15358331	+	27	0	27
chr21	15358368	15358368	+	26	0	26
chr21	15358374	15358374	+	23	0	23
chr21	15358375	15358375	-	12	0	12
chr21	15358384	15358384	-	11	0	11
chr21	15358390	15358390	-	12	0	12
chr21	15358401	15358401	-	12	0	12
chr21	15358403	15358403	-	12	0	12
chr21	15358409	15358409	-	12	0	12
chr21	15358418	15358418	-	12	0	12
chr21	15358423	15358423	-	12	0	12
chr21	15358476	15358476	+	25	0	25
chr21	15358487	15358487	+	22	0	22
chr21	15358488	15358488	-	20	0	20
chr21	15358514	15358514	+	20	0	20
chr21	15358515	15358515	-	20	0	20
chr21	15358521	15358521	+	17	0	17
chr21	15358522	15358522	-	19	0	19
chr21	15358524	15358524	+	20	0	20
chr21	15358525	15358525	-	20	0	20
chr21	15358535	15358535	+	12	0	12
chr21	15358536	15358536	-	20	0	20
chr21	15358551	15358551	+	12	0	12
chr21	15358552	15358552	-	14	0	14
chr21	15358558	15358558	+	11	0	11
chr21	15358559	15358559	-	14	0	14
chr21	15358561	15358561	+	11	0	11
chr21	15358562	15358562	-	14	0	14
chr21	15358567	15358567	-	14	0	14
chr21	15358571	15358571	-	14	0	14
chr21	15358577	15358577	+	32	0	32
chr21	15358578	15358578	-	25	0	25
chr21	15358584	15358584	+	32	0	32
chr21	15358585	15358585	-	11	0	11
chr21	15358590	15358590	+	32	0	32
chr21	15358591	15358591	-	11	0	11
chr21	15358602	15358602	+	31	0	31
chr21	15358603	15358603	-	11	0	11
chr21	15358606	15358606	+	27	0	27
chr21	15358607	15358607	-	11	0	11
chr21	15358618	15358618	+	30	0	30
chr21	15358619	15358619	-	11	0	11
chr21	15358623	15358623	+	32	0	32
chr21	15358624	15358624	-	11	1	10
chr21	15358637	15358637	+	16	0	16
chr21	15358643	15358643	+	16	0	16
chr21	15358656	15358656	+	16	0	16
chr21	15358658	15358658	+	16	0	16
chr21	15358659	15358659	-	33	0	33
chr21	15358661	15358661	+	16	0	16
chr21	15358662	15358662	-	33	0	33
chr21	15358665	15358665	+	16	0	16
chr21	15358666	15358666	-	30	0	30
chr21	15358689	15358689	-	34	0	34
chr21	15358693	15358693	-	34	0	34
chr21	15358697	15358697	-	34	0	34
chr21	15358702	15358702	-	34	0	34
chr21	15358707	15358707	-	34	0	34
chr21	15358795	15358795	+	23	0	23
chr21	15358801	15358801	+	23	0	23
chr21	15358803	15358803	+	21	0	21
chr21	15358812	15358812	+	22	0	22
chr21	15358815	15358815	+	23	0	23
chr21	15358820	15358820	+	23	0	23
chr21	15358823	15358823	+	21	0	21
chr21	15358829	15358829	+	21	0	21
chr21	15358830	15358830	-	12	0	12
chr21	15358831	15358831	+	19	0	19
chr21	15358832	15358832	-	15	0	15
chr21	15358849	15358849	-	16	0	16
chr21	15358856	15358856	-	16	0	16
chr21	15358859	15358859	-	15	0	15
chr21	15358861	15358861	-	16	0	16
chr21	15358866	15358866	-	16	0	16
chr21	15358868	15358868	-	16	0	16
chr21	15358874	15358874	-	16	0	16
chr21	15358893	15358893	+	19	0	19
chr21	15358896	15358896	+	19	0	19
chr21	15358900	15358900	+	19	0	19
chr21	15358912	15358912	+	19	0	19
chr21	15358921	15358921	+	19	0	19
chr21	15358922	15358922	-	16	0	16
chr21	15358923	15358923	+	19	0	19
chr21	15358924	15358924	-	19	0	19
chr21	15358927	15358927	+	19	0	19
chr21	15358928	15358928	-	21	0	21
chr21	15358945	15358945	-	25	0	25
chr21	15358948	15358948	-	25	0	25
chr21	15358950	15358950	-	25	0	25
chr21	15358963	15358963	+	29	0	29
chr21	15358964	15358964	-	25	0	25
chr21	15358969	15358969	+	29	0	29
chr21	15358970	15358970	-	29	0	29
chr21	15358978	15358978	+	29	0	29
chr21	15358979	15358979	-	39	0	39
chr21	15358983	15358983	+	29	0	29
chr21	15358984	15358984	-	39	0	39
chr21	15358985	15358985	+	29	0	29
chr21	15358986	15358986	-	39	0	39
chr21	15358991	15358991	+	27	0	27
chr21	15358992	15358992	-	35	0	35
chr21	15358998	15358998	+	29	0	29
chr21	15358999	15358999	-	38	0	38
chr21	15359003	15359003	+	29	0	29
chr21	15359004	15359004	-	40	0	40
chr21	15359014	15359014	-	40	0	40
chr21	15359072	15359072	-	30	0	30
chr21	15359080	15359080	-	30	0	30
chr21	15359084	15359084	-	30	0	30
chr21	15359088	15359088	-	31	0	31
chr21	15359092	15359092	-	30	0	30
chr21	15359094	15359094	-	31	0	31
chr21	15359096	15359096	-	31	0	31
chr21	15359098	15359098	-	31	0	31
chr21	15359105	15359105	-	31	0	31
chr21	15359109	15359109	-	31	0	31
chr21	15359113	15359113	-	31	0	31
chr21	15359121	15359121	-	31	0	31
chr21	15359358	15359358	-	28	0	28
chr21	15359382	15359382	+	12	0	12
chr21	15359386	15359386	+	12	0	12
chr21	15359402	15359402	+	12	0	12
chr21	15359403	15359403	-	28	0	28
chr21	15359419	15359419	+	11	0	11
chr21	15359420	15359420	-	28	0	28
chr21	15359435	15359435	-	27	0	27
chr21	15359446	15359446	-	28	0	28
chr21	15359473	15359473	+	28	0	28
chr21	15359482	15359482	+	28	0	28
chr21	15359491	15359491	+	28	0	28
chr21	15359493	15359493	+	25	0	25
chr21	15359499	15359499	+	28	0	28
chr21	15359515	15359515	+	25	0	25
chr21	15359518	15359518	+	23	0	23
chr21	15359520	15359520	+	19	0	19
chr21	15359536	15359536	+	22	0	22
chr21	15359558	15359558	+	20	0	20
chr21	15359562	15359562	+	22	0	22
chr21	15359563	15359563	-	13	0	13
chr21	15359564	15359564	+	22	0	22
chr21	15359565	15359565	-	18	0	18
chr21	15359568	15359568	+	21	0	21
chr21	15359569	15359569	-	17	0	17
chr21	15359577	15359577	+	15	1	14
chr21	15359578	15359578	-	18	0	18
chr21	15359602	15359602	+	23	0	23
chr21	15359603	15359603	-	18	0	18
chr21	15359611	15359611	+	25	0	25
chr21	15359629	15359629	+	25	0	25
chr21	15359630	15359630	-	17	0	17
chr21	15359639	15359639	+	24	0	24
chr21	15359640	15359640	-	17	0	17
chr21	15359662	15359662	-	17	0	17
chr21	15360037	15360037	+	12	0	12
chr21	15447185	15447185	-	44	44	0
chr21	15458638	15458638	-	74	69	5
chr21	15502525	15502525	-	15	15	0
chr21	15502551	15502551	-	16	15	1
chr21	15502582	15502582	+	28	28	0
chr21	15502608	15502608	+	27	23	4
chr21	15582781	15582781	-	26	24	2
chr21	15582804	15582804	-	26	17	9
chr21	15583407	15583407	+	26	26	0
chr21	15583554	15583554	-	35	35	0
chr21	15583576	15583576	-	35	35	0
chr21	15583584	15583584	+	25	25	0
chr21	15583585	15583585	-	35	35	0
chr21	15583593	15583593	+	24	21	3
chr21	15583594	15583594	-	18	18	0
chr21	15583627	15583627	+	15	15	0
chr21	15583628	15583628	-	19	15	4
chr21	15583637	15583637	-	20	20	0
chr21	15583654	15583654	+	25	25	0
chr21	15583672	15583672	+	24	23	1
chr21	15583673	15583673	-	17	17	0
chr21	15583716	15583716	-	18	18	0
chr21	15584415	15584415	+	17	17	0
chr21	15584444	15584444	+	17	16	1
chr21	15584560	15584560	-	49	44	5
chr21	15584595	15584595	+	101	95	6
chr21	15584596	15584596	-	49	48	1
chr21	15584678	15584678	-	24	24	0
chr21	15584694	15584694	-	24	22	2
chr21	15584720	15584720	+	21	19	2
chr21	15584721	15584721	-	22	20	2
chr21	15584810	15584810	+	15	15	0
chr21	15584811	15584811	-	19	18	1
chr21	15584849	15584849	+	14	13	1
chr21	15584863	15584863	-	11	11	0
chr21	15584909	15584909	-	13	13	0
chr21	15601975	15601975	-	51	48	3
chr21	15698788	15698788	+	12	11	1
chr21	15715029	15715029	+	33	33	0
chr21	15737015	15737015	-	24	11	13
chr21	15737056	15737056	-	24	0	24
chr21	15788691	15788691	+	17	17	0
chr21	15788694	15788694	+	16	15	1
chr21	15788697	15788697	+	17	17	0
chr21	15788732	15788732	+	17	17	0
chr21	15788733	15788733	-	17	15	2
chr21	15788752	15788752	-	17	17	0
chr21	15788755	15788755	-	17	17	0
chr21	15788853	15788853	+	16	16	0
chr21	15788862	15788862	+	16	16	0
chr21	15788901	15788901	+	15	15	0
chr21	15826252	15826252	+	50	50	0
chr21	15826378	15826378	-	63	63	0
chr21	15884481	15884481	+	45	45	0
chr21	15884747	15884747	-	84	80	4
chr21	15930238	15930238	+	27	25	2
chr21	15930261	15930261	+	27	21	6
chr21	15930316	15930316	-	11	11	0
chr21	15930660	15930660	-	15	15	0
chr21	15950793	15950793	-	10	10	0
chr21	15950809	15950809	-	11	10	1
chr21	15968159	15968159	+	22	21	1
chr21	15968195	15968195	+	22	21	1
chr21	15968198	15968198	+	21	19	2
chr21	15968200	15968200	+	21	20	1
chr21	16007420	16007420	-	14	14	0
chr21	16007424	16007424	-	14	14	0
chr21	16014599	16014599	+	51	48	3
chr21	16014627	16014627	+	49	49	0
chr21	16014722	16014722	-	62	62	0
chr21	16014734	16014734	-	62	62	0
chr21	16014738	16014738	-	63	63	0
chr21	16023758	16023758	+	62	4	58
chr21	16023765	16023765	+	62	0	62
chr21	16023775	16023775	+	61	0	61
chr21	16023788	16023788	+	62	0	62
chr21	16023845	16023845	-	16	0	16
chr21	16023859	16023859	-	16	0	16
chr21	16023871	16023871	-	16	0	16
chr21	16023880	16023880	+	15	0	15
chr21	16023881	16023881	-	16	0	16
chr21	16023891	16023891	+	15	0	15
chr21	16023893	16023893	+	16	0	16
chr21	16023900	16023900	+	16	0	16
chr21	16023901	16023901	-	36	1	35
chr21	16023910	16023910	+	16	0	16
chr21	16023911	16023911	-	15	0	15
chr21	16023916	16023916	+	16	0	16
chr21	16023917	16023917	-	33	0	33
chr21	16023919	16023919	+	16	0	16
chr21	16023920	16023920	-	27	0	27
chr21	16023921	16023921	+	16	0	16
chr21	16023922	16023922	-	31	0	31
chr21	16023932	16023932	-	41	1	40
chr21	16023940	16023940	-	41	0	41
chr21	16023946	16023946	+	23	0	23
chr21	16023947	16023947	-	41	0	41
chr21	16023963	16023963	+	21	0	21
chr21	16023965	16023965	+	22	0	22
chr21	16023971	16023971	+	23	0	23
chr21	16023980	16023980	+	27	0	27
chr21	16023986	16023986	+	27	0	27
chr21	16023995	16023995	+	27	0	27
chr21	16023996	16023996	-	17	0	17
chr21	16023997	16023997	+	27	0	27
chr21	16023998	16023998	-	15	0	15
chr21	16024009	16024009	+	13	0	13
chr21	16024010	16024010	-	17	0	17
chr21	16024022	16024022	+	25	0	25
chr21	16024023	16024023	-	17	0	17
chr21	16024028	16024028	+	12	0	12
chr21	16024029	16024029	-	12	0	12
chr21	16024034	16024034	-	16	0	15
chr21	16024037	16024037	-	17	0	17
chr21	16024041	16024041	-	17	0	17
chr21	16024070	16024070	+	11	0	11
chr21	16024073	16024073	+	11	0	11
chr21	16024077	16024077	+	10	0	10
chr21	16024087	16024087	+	11	0	11
chr21	16024099	16024099	+	11	0	11
chr21	16024152	16024152	-	11	0	11
chr21	16024169	16024169	-	12	0	12
chr21	16024176	16024176	+	10	0	10
chr21	16024177	16024177	-	12	0	12
chr21	16024184	16024184	+	10	0	10
chr21	16024193	16024193	+	10	0	10
chr21	16024194	16024194	-	27	0	27
chr21	16024224	16024224	-	27	0	27
chr21	16024226	16024226	-	28	0	28
chr21	16024230	16024230	+	30	0	30
chr21	16024231	16024231	-	28	0	28
chr21	16024244	16024244	+	30	0	30
chr21	16024245	16024245	-	32	0	32
chr21	16024248	16024248	+	29	0	29
chr21	16024249	16024249	-	33	0	33
chr21	16024252	16024252	+	29	0	29
chr21	16024253	16024253	-	33	0	33
chr21	16024254	16024254	+	29	0	29
chr21	16024255	16024255	-	32	0	32
chr21	16024259	16024259	+	30	0	30
chr21	16024260	16024260	-	32	0	32
chr21	16024262	16024262	+	30	0	30
chr21	16024263	16024263	-	32	0	32
chr21	16024266	16024266	+	30	0	30
chr21	16024267	16024267	-	33	0	33
chr21	16024275	16024275	+	29	0	29
chr21	16024276	16024276	-	33	0	33
chr21	16024277	16024277	+	28	0	28
chr21	16024278	16024278	-	32	0	32
chr21	16024286	16024286	-	33	0	33
chr21	16024293	16024293	-	33	0	33
chr21	16024317	16024317	+	27	0	27
chr21	16024322	16024322	+	26	0	26
chr21	16024325	16024325	+	26	0	26
chr21	16024327	16024327	+	27	0	27
chr21	16024331	16024331	+	27	0	27
chr21	16024335	16024335	+	25	0	25
chr21	16024338	16024338	+	26	0	26
chr21	16024346	16024346	+	22	0	22
chr21	16024351	16024351	+	26	0	26
chr21	16024353	16024353	+	26	0	26
chr21	16024361	16024361	+	23	0	23
chr21	16024391	16024391	-	42	0	42
chr21	16024394	16024394	-	38	0	38
chr21	16024399	16024399	-	26	0	26
chr21	16024402	16024402	-	30	0	30
chr21	16024410	16024410	-	43	1	42
chr21	16024412	16024412	-	43	0	43
chr21	16024419	16024419	-	43	0	43
chr21	16024421	16024421	-	41	0	41
chr21	16024425	16024425	-	43	0	43
chr21	16024427	16024427	+	29	1	28
chr21	16024428	16024428	-	43	0	43
chr21	16024431	16024431	+	29	0	29
chr21	16024437	16024437	+	29	0	29
chr21	16024443	16024443	+	29	0	29
chr21	16024445	16024445	+	29	0	29
chr21	16024456	16024456	+	28	0	28
chr21	16024462	16024462	+	13	0	13
chr21	16024479	16024479	-	26	0	26
chr21	16024483	16024483	-	27	0	27
chr21	16024485	16024485	-	27	0	27
chr21	16024488	16024488	-	25	0	25
chr21	16024502	16024502	-	30	0	30
chr21	16024505	16024505	-	30	0	30
chr21	16024510	16024510	-	30	0	30
chr21	16024512	16024512	-	30	0	30
chr21	16024525	16024525	-	30	0	30
chr21	16024543	16024543	+	42	0	42
chr21	16024547	16024547	+	40	0	40
chr21	16024553	16024553	+	42	0	42
chr21	16024556	16024556	+	42	0	42
chr21	16024559	16024559	+	42	0	42
chr21	16024562	16024562	+	42	0	42
chr21	16024565	16024565	+	41	0	41
chr21	16024568	16024568	+	41	0	41
chr21	16024571	16024571	+	42	0	42
chr21	16024574	16024574	+	42	0	42
chr21	16024576	16024576	+	40	0	40
chr21	16024589	16024589	+	36	0	36
chr21	16024602	16024602	-	16	0	16
chr21	16024617	16024617	-	16	0	16
chr21	16024619	16024619	-	17	0	17
chr21	16024622	16024622	-	16	0	16
chr21	16024636	16024636	-	17	0	17
chr21	16024642	16024642	-	17	0	17
chr21	16024648	16024648	+	27	1	26
chr21	16024649	16024649	-	21	0	21
chr21	16024651	16024651	+	27	0	27
chr21	16024670	16024670	+	27	0	27
chr21	16024673	16024673	+	24	0	24
chr21	16024674	16024674	-	12	0	12
chr21	16024688	16024688	+	25	0	25
chr21	16024689	16024689	-	12	0	12
chr21	16024693	16024693	+	16	0	16
chr21	16024694	16024694	-	12	0	12
chr21	16024697	16024697	+	17	0	17
chr21	16024698	16024698	-	12	0	12
chr21	16033099	16033099	+	12	12	0
chr21	16033213	16033213	-	24	19	5
chr21	16076341	16076341	+	50	50	0
chr21	16076355	16076355	+	49	49	0
chr21	16076527	16076527	-	31	31	0
chr21	16078036	16078036	-	23	23	0
chr21	16127065	16127065	-	32	32	0
chr21	16167784	16167784	+	24	24	0
chr21	16167808	16167808	+	23	22	1
chr21	16167809	16167809	-	17	17	0
chr21	16167845	16167845	-	18	18	0
chr21	16202301	16202301	+	17	17	0
chr21	16202432	16202432	+	89	89	0
chr21	16202577	16202577	-	25	25	0
chr21	16241987	16241987	-	21	21	0
chr21	16242033	16242033	-	24	11	13
chr21	16242036	16242036	-	24	3	21
chr21	16291204	16291204	+	23	23	0
chr21	16291208	16291208	+	23	23	0
chr21	16291220	16291220	+	19	19	0
chr21	16356184	16356184	-	52	52	0
chr21	16356188	16356188	-	52	52	0
chr21	16356326	16356326	-	16	16	0
chr21	16439536	16439536	+	23	23	0
chr21	16439628	16439628	-	14	14	0
chr21	16454568	16454568	+	35	35	0
chr21	16454615	16454615	+	32	32	0
chr21	16454616	16454616	-	18	17	1
chr21	16454628	16454628	-	18	18	0
chr21	16454650	16454650	-	19	19	0
chr21	16496601	16496601	+	43	43	0
chr21	16496634	16496634	+	42	42	0
chr21	16541910	16541910	+	26	25	1
chr21	16541914	16541914	+	26	26	0
chr21	16541916	16541916	+	26	20	6
chr21	16541926	16541926	+	26	26	0
chr21	16541957	16541957	+	25	25	0
chr21	16595363	16595363	+	16	15	1
chr21	16612349	16612349	+	33	33	0
chr21	16620605	16620605	+	20	20	0
chr21	16620620	16620620	+	20	20	0
chr21	16650592	16650592	+	11	11	0
chr21	16650606	16650606	+	11	11	0
chr21	16650630	16650630	+	11	10	1
chr21	16650774	16650774	-	20	20	0
chr21	16650780	16650780	-	20	18	2
chr21	16680437	16680437	-	21	21	0
chr21	16680447	16680447	-	21	21	0
chr21	16680449	16680449	-	21	21	0
chr21	16680453	16680453	-	21	21	0
chr21	16713387	16713387	+	31	19	12
chr21	16713421	16713421	+	29	26	3
chr21	16713423	16713423	+	29	23	6
chr21	16713466	16713466	-	23	23	0
chr21	16788163	16788163	-	23	23	0
chr21	16788196	16788196	-	25	25	0
chr21	16849238	16849238	+	23	23	0
chr21	16849242	16849242	+	23	23	0
chr21	16849244	16849244	+	23	23	0
chr21	16849374	16849374	+	15	15	0
chr21	16852289	16852289	+	14	14	0
chr21	16857752	16857752	+	27	27	0
chr21	16858300	16858300	+	13	13	0
chr21	16858301	16858301	-	11	0	11
chr21	16858304	16858304	+	13	13	0
chr21	16858305	16858305	-	11	11	0
chr21	16858314	16858314	+	12	12	0
chr21	16858315	16858315	-	12	12	0
chr21	16858316	16858316	+	13	13	0
chr21	16858317	16858317	-	12	11	1
chr21	16858349	16858349	+	11	0	11
chr21	16858350	16858350	-	12	12	0
chr21	16869844	16869844	+	70	66	4
chr21	16869860	16869860	+	69	67	2
chr21	16869890	16869890	+	62	60	2
chr21	16869986	16869986	-	13	13	0
chr21	16870006	16870006	-	14	14	0
chr21	16882355	16882355	+	28	26	2
chr21	16882388	16882388	+	28	26	2
chr21	16882403	16882403	+	25	25	0
chr21	16882456	16882456	-	20	20	0
chr21	16882490	16882490	-	21	21	0
chr21	16932700	16932700	-	11	11	0
chr21	16932730	16932730	-	13	13	0
chr21	16932760	16932760	-	25	25	0
chr21	16954514	16954514	+	16	16	0
chr21	16954518	16954518	+	16	12	4
chr21	16954530	16954530	+	16	16	0
chr21	16954558	16954558	+	16	16	0
chr21	16962171	16962171	-	10	10	0
chr21	16962195	16962195	-	11	11	0
chr21	16962209	16962209	-	11	11	0
chr21	17043261	17043261	+	25	24	1
chr21	17043269	17043269	+	25	25	0
chr21	17043317	17043317	-	29	29	0
chr21	17043325	17043325	-	27	21	6
chr21	17043329	17043329	-	29	29	0
chr21	17058889	17058889	+	52	52	0
chr21	17058930	17058930	+	47	47	0
chr21	17208072	17208072	+	30	28	2
chr21	17209044	17209044	-	32	32	0
chr21	17212172	17212172	-	21	19	2
chr21	17212233	17212233	-	21	20	1
chr21	17212245	17212245	-	21	21	0
chr21	17228420	17228420	+	24	24	0
chr21	17341407	17341407	-	57	54	3
chr21	17385151	17385151	-	456	398	58
chr21	17419460	17419460	-	33	29	4
chr21	17419551	17419551	-	36	35	1
chr21	17426512	17426512	+	22	19	3
chr21	17426568	17426568	-	35	34	1
chr21	17426574	17426574	-	35	35	0
chr21	17511073	17511073	+	22	22	0
chr21	17511088	17511088	+	21	21	0
chr21	17511093	17511093	+	20	19	1
chr21	17511179	17511179	-	11	11	0
chr21	17534462	17534462	-	12	12	0
chr21	17534475	17534475	-	12	12	0
chr21	17644565	17644565	-	27	26	1
chr21	17646773	17646773	+	33	33	0
chr21	17646785	17646785	+	33	32	1
chr21	17655270	17655270	+	25	25	0
chr21	17655329	17655329	-	17	13	4
chr21	17655337	17655337	-	17	17	0
chr21	17655352	17655352	-	17	17	0
chr21	17655355	17655355	-	17	15	2
chr21	17698696	17698696	+	16	16	0
chr21	17698717	17698717	+	16	15	1
chr21	17704512	17704512	+	26	26	0
chr21	17704513	17704513	-	17	0	17
chr21	17704519	17704519	+	26	26	0
chr21	17704520	17704520	-	20	19	1
chr21	17704561	17704561	+	25	0	25
chr21	17704562	17704562	-	20	20	0
chr21	17719674	17719674	+	23	23	0
chr21	17719706	17719706	+	23	23	0
chr21	17719707	17719707	-	24	24	0
chr21	17719743	17719743	-	26	26	0
chr21	17731698	17731698	+	14	14	0
chr21	17731701	17731701	+	14	14	0
chr21	17731709	17731709	+	14	13	1
chr21	17733176	17733176	-	12	12	0
chr21	17744957	17744957	-	16	2	14
chr21	17744966	17744966	+	16	16	0
chr21	17744967	17744967	-	16	13	3
chr21	17745005	17745005	+	15	15	0
chr21	17745007	17745007	+	15	12	3
chr21	17751538	17751538	+	17	17	0
chr21	17751567	17751567	+	16	14	2
chr21	17751629	17751629	+	22	22	0
chr21	17751640	17751640	+	22	19	3
chr21	17756030	17756030	+	11	11	0
chr21	17756060	17756060	+	11	6	5
chr21	17756211	17756211	-	11	9	2
chr21	17756227	17756227	-	11	11	0
chr21	17757042	17757042	+	42	36	6
chr21	17757046	17757046	+	42	38	4
chr21	17757048	17757048	+	42	38	4
chr21	17757058	17757058	+	41	35	6
chr21	17757083	17757083	+	42	38	4
chr21	17757091	17757091	+	36	36	0
chr21	17763252	17763252	+	11	11	0
chr21	17764900	17764900	+	11	11	0
chr21	17764910	17764910	+	10	10	0
chr21	17764941	17764941	+	10	10	0
chr21	17771970	17771970	+	16	16	0
chr21	17771990	17771990	+	16	12	4
chr21	17772004	17772004	+	14	12	2
chr21	17772015	17772015	+	15	15	0
chr21	17779401	17779401	+	46	46	0
chr21	17779430	17779430	+	45	45	0
chr21	17779441	17779441	+	41	41	0
chr21	17788699	17788699	+	13	11	2
chr21	17788729	17788729	+	13	13	0
chr21	17803059	17803059	-	18	17	1
chr21	17803088	17803088	-	18	18	0
chr21	17804726	17804726	-	31	26	5
chr21	17804799	17804799	+	28	28	0
chr21	17804800	17804800	-	14	14	0
chr21	17804825	17804825	+	28	28	0
chr21	17804826	17804826	-	14	11	3
chr21	17804827	17804827	+	28	28	0
chr21	17804828	17804828	-	14	13	1
chr21	17804839	17804839	+	19	19	0
chr21	17804840	17804840	-	14	14	0
chr21	17807106	17807106	-	10	0	10
chr21	17807108	17807108	-	10	0	10
chr21	17807121	17807121	-	10	0	10
chr21	17807150	17807150	+	42	0	42
chr21	17807159	17807159	+	42	0	42
chr21	17807161	17807161	+	42	0	42
chr21	17807174	17807174	+	42	1	41
chr21	17807178	17807178	+	40	0	40
chr21	17807197	17807197	+	24	4	20
chr21	17807401	17807401	+	43	0	43
chr21	17807407	17807407	+	43	0	43
chr21	17807411	17807411	+	43	0	43
chr21	17807418	17807418	+	43	0	43
chr21	17807420	17807420	+	43	0	43
chr21	17807442	17807442	+	24	0	24
chr21	17807488	17807488	-	34	0	34
chr21	17807491	17807491	-	35	0	35
chr21	17807496	17807496	-	35	0	35
chr21	17807516	17807516	-	34	0	34
chr21	17807529	17807529	+	24	0	24
chr21	17807530	17807530	-	35	0	35
chr21	17807533	17807533	+	24	0	24
chr21	17807534	17807534	-	23	0	23
chr21	17807545	17807545	+	24	0	24
chr21	17807546	17807546	-	27	0	27
chr21	17807550	17807550	+	24	0	24
chr21	17807551	17807551	-	28	0	28
chr21	17807560	17807560	+	24	0	24
chr21	17807561	17807561	-	29	0	29
chr21	17807562	17807562	+	23	0	23
chr21	17807563	17807563	-	26	0	26
chr21	17807569	17807569	+	17	0	17
chr21	17807570	17807570	-	28	0	28
chr21	17807571	17807571	+	21	0	21
chr21	17807572	17807572	-	28	0	28
chr21	17807573	17807573	+	18	0	18
chr21	17807574	17807574	-	29	0	29
chr21	17807582	17807582	+	39	0	39
chr21	17807583	17807583	-	29	0	29
chr21	17807588	17807588	+	39	0	39
chr21	17807597	17807597	+	38	0	38
chr21	17807600	17807600	+	36	0	36
chr21	17807623	17807623	+	34	4	30
chr21	17807627	17807627	+	26	0	26
chr21	17807629	17807629	+	24	0	24
chr21	17807630	17807630	-	10	0	10
chr21	17807633	17807633	-	10	0	10
chr21	17807638	17807638	-	10	0	10
chr21	17807649	17807649	-	10	0	10
chr21	17807676	17807676	+	24	0	24
chr21	17807677	17807677	-	10	0	10
chr21	17807681	17807681	+	23	0	23
chr21	17807703	17807703	+	24	0	24
chr21	17807706	17807706	+	23	0	23
chr21	17807725	17807725	+	24	2	22
chr21	17807801	17807801	-	30	0	30
chr21	17807821	17807821	-	31	0	31
chr21	17807850	17807850	-	32	0	32
chr21	17809554	17809554	+	25	24	1
chr21	17809596	17809596	+	25	25	0
chr21	17809723	17809723	-	16	16	0
chr21	17809874	17809874	-	19	16	3
chr21	17809912	17809912	-	19	19	0
chr21	17809920	17809920	-	19	19	0
chr21	17823104	17823104	-	13	13	0
chr21	17823128	17823128	-	14	14	0
chr21	17823602	17823602	+	21	20	1
chr21	17828388	17828388	+	16	11	5
chr21	17828399	17828399	+	16	14	2
chr21	17828400	17828400	-	22	22	0
chr21	17828447	17828447	-	25	25	0
chr21	17832330	17832330	-	18	16	2
chr21	17832348	17832348	-	18	18	0
chr21	17832352	17832352	-	18	18	0
chr21	17874557	17874557	+	40	40	0
chr21	17874573	17874573	+	40	40	0
chr21	17874591	17874591	+	40	30	10
chr21	17898354	17898354	+	26	24	2
chr21	17898358	17898358	+	26	26	0
chr21	17898370	17898370	+	26	26	0
chr21	17898384	17898384	+	25	24	1
chr21	17898402	17898402	+	24	24	0
chr21	17898491	17898491	-	40	40	0
chr21	17906151	17906151	+	26	0	26
chr21	17906156	17906156	+	26	0	26
chr21	17906165	17906165	+	26	0	26
chr21	17906168	17906168	+	26	0	26
chr21	17906353	17906353	+	10	2	8
chr21	17906408	17906408	-	12	0	12
chr21	17906420	17906420	-	12	0	12
chr21	17906430	17906430	-	12	0	12
chr21	17906439	17906439	-	12	0	12
chr21	17906441	17906441	-	12	0	12
chr21	17906447	17906447	-	12	0	12
chr21	17906456	17906456	-	12	0	12
chr21	17906490	17906490	+	33	0	33
chr21	17906496	17906496	+	33	0	33
chr21	17906498	17906498	+	33	0	33
chr21	17906517	17906517	+	31	0	31
chr21	17906537	17906537	+	33	0	33
chr21	17906541	17906541	-	13	0	13
chr21	17906543	17906543	-	13	0	13
chr21	17906571	17906571	-	13	0	13
chr21	17906573	17906573	-	13	0	13
chr21	17906582	17906582	-	13	0	13
chr21	17906589	17906589	+	51	0	51
chr21	17906590	17906590	-	13	0	13
chr21	17906595	17906595	+	50	0	50
chr21	17906605	17906605	+	51	0	51
chr21	17906607	17906607	+	50	0	50
chr21	17906619	17906619	+	49	0	49
chr21	17906688	17906688	-	58	0	58
chr21	17906693	17906693	-	46	0	46
chr21	17906699	17906699	-	61	0	61
chr21	17906701	17906701	-	64	0	64
chr21	17906706	17906706	-	65	0	65
chr21	17906714	17906714	-	62	0	62
chr21	17906722	17906722	-	64	0	64
chr21	17906725	17906725	-	64	0	64
chr21	17906729	17906729	+	11	0	11
chr21	17906730	17906730	-	72	0	72
chr21	17906775	17906775	+	22	0	22
chr21	17906780	17906780	+	13	0	13
chr21	17906783	17906783	+	13	0	13
chr21	17906787	17906787	+	13	0	13
chr21	17906793	17906793	+	13	0	13
chr21	17906801	17906801	+	13	0	13
chr21	17906804	17906804	+	13	0	13
chr21	17906810	17906810	+	12	0	12
chr21	17906818	17906818	+	10	0	10
chr21	17906821	17906821	+	12	0	12
chr21	17906838	17906838	-	14	0	14
chr21	17906853	17906853	-	12	0	12
chr21	17906872	17906872	-	14	0	14
chr21	17906946	17906946	+	23	0	23
chr21	17906962	17906962	+	23	0	23
chr21	17906970	17906970	+	23	0	23
chr21	17906971	17906971	-	18	0	18
chr21	17906976	17906976	+	25	0	25
chr21	17906977	17906977	-	17	0	17
chr21	17906978	17906978	+	23	0	23
chr21	17906979	17906979	-	18	0	18
chr21	17906995	17906995	+	14	0	14
chr21	17906996	17906996	-	18	0	18
chr21	17907001	17907001	-	18	0	18
chr21	17907008	17907008	-	18	0	18
chr21	17907011	17907011	+	59	0	59
chr21	17907012	17907012	-	18	0	18
chr21	17907014	17907014	+	58	0	58
chr21	17907016	17907016	+	58	0	58
chr21	17907020	17907020	+	59	0	59
chr21	17907027	17907027	+	59	0	59
chr21	17907029	17907029	+	58	0	58
chr21	17907032	17907032	+	59	0	59
chr21	17907035	17907035	+	59	0	59
chr21	17907039	17907039	+	56	0	56
chr21	17907047	17907047	+	57	0	57
chr21	17907049	17907049	+	57	0	57
chr21	17907051	17907051	+	59	0	59
chr21	17907087	17907087	-	38	0	38
chr21	17907095	17907095	-	38	0	38
chr21	17907108	17907108	-	39	0	39
chr21	17907111	17907111	-	39	0	39
chr21	17907113	17907113	-	38	0	38
chr21	17907124	17907124	-	39	0	39
chr21	17907126	17907126	-	39	0	39
chr21	17907131	17907131	-	38	0	38
chr21	17907154	17907154	+	29	1	28
chr21	17907168	17907168	+	28	0	28
chr21	17907169	17907169	-	19	0	19
chr21	17907170	17907170	+	29	0	29
chr21	17907171	17907171	-	19	0	19
chr21	17907172	17907172	+	29	1	28
chr21	17907173	17907173	-	19	0	19
chr21	17907174	17907174	+	29	0	29
chr21	17907175	17907175	-	19	0	19
chr21	17907180	17907180	+	29	0	29
chr21	17907181	17907181	-	19	0	19
chr21	17907185	17907185	+	28	0	28
chr21	17907186	17907186	-	19	0	19
chr21	17907187	17907187	+	26	0	26
chr21	17907188	17907188	-	17	0	17
chr21	17907189	17907189	+	25	0	25
chr21	17907190	17907190	-	19	0	19
chr21	17907201	17907201	-	19	0	19
chr21	17907207	17907207	-	19	0	19
chr21	17907213	17907213	-	11	0	11
chr21	17907221	17907221	-	11	0	11
chr21	17907224	17907224	-	10	0	10
chr21	17907226	17907226	-	11	0	11
chr21	17907238	17907238	-	11	0	11
chr21	17907244	17907244	+	12	0	12
chr21	17907245	17907245	-	11	0	11
chr21	17907254	17907254	+	12	0	12
chr21	17907258	17907258	+	12	0	12
chr21	17907276	17907276	+	12	0	12
chr21	17907306	17907306	-	16	0	16
chr21	17907310	17907310	-	14	0	14
chr21	17907312	17907312	-	20	0	20
chr21	17907315	17907315	-	22	0	22
chr21	17907318	17907318	-	22	0	22
chr21	17907320	17907320	-	25	0	25
chr21	17907325	17907325	-	24	0	24
chr21	17907333	17907333	-	25	0	25
chr21	17907335	17907335	-	25	0	25
chr21	17907348	17907348	+	10	0	10
chr21	17907349	17907349	-	25	0	25
chr21	17907358	17907358	+	10	0	10
chr21	17907361	17907361	+	10	0	10
chr21	17907383	17907383	+	10	0	10
chr21	17907387	17907387	+	28	2	26
chr21	17907391	17907391	+	28	0	28
chr21	17907398	17907398	+	27	0	27
chr21	17907402	17907402	+	28	0	28
chr21	17907408	17907408	+	27	0	27
chr21	17907414	17907414	+	27	2	25
chr21	17907421	17907421	+	25	1	24
chr21	17907423	17907423	+	26	0	26
chr21	17907425	17907425	+	26	0	26
chr21	17907505	17907505	-	76	34	42
chr21	17907513	17907513	-	78	26	52
chr21	17907539	17907539	+	13	0	13
chr21	17907540	17907540	-	78	11	67
chr21	17907558	17907558	+	13	0	13
chr21	17907564	17907564	+	13	0	13
chr21	17907567	17907567	+	13	0	13
chr21	17907732	17907732	-	26	21	5
chr21	17907754	17907754	-	27	22	5
chr21	17931423	17931423	+	16	16	0
chr21	17931455	17931455	+	16	14	2
chr21	17931612	17931612	-	28	27	1
chr21	17962588	17962588	-	52	39	13
chr21	17962590	17962590	-	52	44	8
chr21	17962594	17962594	-	52	46	6
chr21	17971234	17971234	+	29	29	0
chr21	17971244	17971244	+	28	27	1
chr21	17971246	17971246	+	29	29	0
chr21	17971334	17971334	-	10	10	0
chr21	17971352	17971352	-	10	10	0
chr21	17983314	17983314	+	57	38	19
chr21	17985839	17985839	+	13	13	0
chr21	17985854	17985854	+	13	13	0
chr21	17987626	17987626	+	45	45	0
chr21	17987670	17987670	+	43	43	0
chr21	17988383	17988383	+	21	21	0
chr21	17988393	17988393	+	21	20	1
chr21	17988405	17988405	+	21	19	2
chr21	18012188	18012188	+	32	32	0
chr21	18012222	18012222	+	25	25	0
chr21	18013630	18013630	+	11	11	0
chr21	18014317	18014317	+	25	25	0
chr21	18014321	18014321	+	25	24	1
chr21	18014329	18014329	+	25	22	3
chr21	18014358	18014358	+	21	21	0
chr21	18014366	18014366	+	19	0	19
chr21	18038986	18038986	+	29	29	0
chr21	18038990	18038990	+	29	25	4
chr21	18038995	18038995	+	29	26	3
chr21	18039018	18039018	+	28	23	5
chr21	18039019	18039019	-	19	17	2
chr21	18039055	18039055	-	19	19	0
chr21	18039218	18039218	-	11	11	0
chr21	18051964	18051964	+	22	22	0
chr21	18052002	18052002	+	23	23	0
chr21	18052003	18052003	-	14	14	0
chr21	18052040	18052040	+	31	31	0
chr21	18052041	18052041	-	16	16	0
chr21	18052058	18052058	+	31	31	0
chr21	18052081	18052081	+	29	29	0
chr21	18052150	18052150	-	46	46	0
chr21	18052172	18052172	-	50	50	0
chr21	18052188	18052188	-	49	43	6
chr21	18052194	18052194	-	50	47	3
chr21	18113070	18113070	+	27	0	27
chr21	18113084	18113084	+	27	0	27
chr21	18113085	18113085	-	15	0	15
chr21	18113091	18113091	+	27	0	27
chr21	18113092	18113092	-	15	0	15
chr21	18113095	18113095	+	23	0	23
chr21	18113096	18113096	-	14	0	14
chr21	18113098	18113098	+	22	0	22
chr21	18113099	18113099	-	15	0	15
chr21	18113106	18113106	+	23	0	23
chr21	18113107	18113107	-	15	0	15
chr21	18113113	18113113	-	15	0	15
chr21	18113141	18113141	+	21	0	21
chr21	18113156	18113156	+	21	0	21
chr21	18113158	18113158	+	21	0	21
chr21	18113173	18113173	+	13	0	13
chr21	18113176	18113176	+	13	0	13
chr21	18113180	18113180	+	13	0	13
chr21	18113191	18113191	+	13	0	13
chr21	18113199	18113199	+	13	0	13
chr21	18113204	18113204	+	13	0	13
chr21	18113205	18113205	-	11	0	11
chr21	18113230	18113230	+	12	0	12
chr21	18113234	18113234	+	13	0	13
chr21	18113243	18113243	+	13	0	13
chr21	18113246	18113246	+	13	0	13
chr21	18113250	18113250	+	23	0	23
chr21	18113255	18113255	+	11	0	11
chr21	18113256	18113256	-	14	0	14
chr21	18113268	18113268	+	11	0	11
chr21	18113269	18113269	-	15	0	15
chr21	18113273	18113273	+	11	0	11
chr21	18113274	18113274	-	15	0	15
chr21	18113282	18113282	-	15	0	15
chr21	18113293	18113293	+	21	0	21
chr21	18113300	18113300	+	21	0	21
chr21	18113303	18113303	+	21	0	21
chr21	18113312	18113312	+	20	0	20
chr21	18113314	18113314	+	21	0	21
chr21	18113316	18113316	+	21	0	21
chr21	18113320	18113320	+	21	0	21
chr21	18113334	18113334	+	19	0	19
chr21	18113336	18113336	+	18	0	18
chr21	18113495	18113495	+	11	0	11
chr21	18113501	18113501	+	11	0	11
chr21	18113503	18113503	+	11	0	11
chr21	18113514	18113514	+	11	0	11
chr21	18113515	18113515	-	28	0	28
chr21	18113517	18113517	+	11	0	11
chr21	18113518	18113518	-	30	0	30
chr21	18113522	18113522	+	10	0	10
chr21	18113523	18113523	-	31	0	31
chr21	18113527	18113527	-	31	0	31
chr21	18113532	18113532	-	31	0	31
chr21	18113553	18113553	+	21	0	21
chr21	18113554	18113554	-	46	0	46
chr21	18113557	18113557	+	21	0	21
chr21	18113558	18113558	-	17	0	17
chr21	18113568	18113568	+	17	0	17
chr21	18113569	18113569	-	19	0	19
chr21	18113572	18113572	+	21	0	21
chr21	18113573	18113573	-	18	0	18
chr21	18113575	18113575	+	21	0	21
chr21	18113576	18113576	-	19	2	17
chr21	18113577	18113577	+	21	0	21
chr21	18113578	18113578	-	18	0	18
chr21	18113579	18113579	+	21	0	21
chr21	18113580	18113580	-	19	0	19
chr21	18113589	18113589	+	21	0	21
chr21	18113590	18113590	-	18	0	18
chr21	18113599	18113599	+	21	0	21
chr21	18113600	18113600	-	20	0	20
chr21	18113602	18113602	+	64	0	64
chr21	18113603	18113603	-	20	0	20
chr21	18113613	18113613	+	44	0	44
chr21	18113624	18113624	+	44	0	44
chr21	18113625	18113625	-	24	0	24
chr21	18113636	18113636	+	35	0	35
chr21	18113637	18113637	-	24	0	24
chr21	18113638	18113638	+	37	0	37
chr21	18113639	18113639	-	25	0	25
chr21	18113642	18113642	+	41	0	41
chr21	18113643	18113643	-	25	0	25
chr21	18113644	18113644	+	38	0	38
chr21	18113645	18113645	-	25	0	25
chr21	18113657	18113657	-	25	0	25
chr21	18113659	18113659	-	24	0	24
chr21	18113663	18113663	-	25	0	25
chr21	18113665	18113665	+	24	0	24
chr21	18113666	18113666	-	25	1	24
chr21	18113681	18113681	+	24	0	24
chr21	18113689	18113689	+	24	0	24
chr21	18113700	18113700	+	24	0	24
chr21	18113703	18113703	+	23	0	23
chr21	18113704	18113704	-	26	0	26
chr21	18113706	18113706	+	24	0	24
chr21	18113707	18113707	-	29	0	29
chr21	18113714	18113714	+	24	0	24
chr21	18113715	18113715	-	29	0	29
chr21	18113720	18113720	-	33	0	33
chr21	18113738	18113738	-	33	0	33
chr21	18113751	18113751	-	33	0	33
chr21	18113817	18113817	-	26	0	26
chr21	18113823	18113823	-	26	0	26
chr21	18113863	18113863	-	26	0	26
chr21	18127776	18127776	+	43	41	2
chr21	18174355	18174355	+	24	23	1
chr21	18178516	18178516	+	11	11	0
chr21	18178528	18178528	+	11	11	0
chr21	18178550	18178550	+	11	10	1
chr21	18178551	18178551	-	28	28	0
chr21	18178575	18178575	-	28	28	0
chr21	18178579	18178579	-	28	26	2
chr21	18178587	18178587	-	28	28	0
chr21	18178591	18178591	-	28	28	0
chr21	18201818	18201818	+	68	68	0
chr21	18201866	18201866	+	65	60	5
chr21	18201918	18201918	-	33	30	3
chr21	18201957	18201957	-	34	34	0
chr21	18286975	18286975	+	17	17	0
chr21	18287100	18287100	-	24	24	0
chr21	18287130	18287130	-	24	23	1
chr21	18287133	18287133	-	24	19	5
chr21	18287137	18287137	-	24	22	2
chr21	18292975	18292975	+	21	21	0
chr21	18292976	18292976	-	36	36	0
chr21	18293132	18293132	-	23	23	0
chr21	18365459	18365459	+	30	30	0
chr21	18465443	18465443	-	12	10	2
chr21	18465453	18465453	-	12	1	11
chr21	18465456	18465456	-	12	12	0
chr21	18465464	18465464	-	12	10	2
chr21	18465481	18465481	-	12	12	0
chr21	18465488	18465488	-	12	12	0
chr21	18491657	18491657	+	29	29	0
chr21	18491661	18491661	+	28	27	1
chr21	18491729	18491729	-	14	14	0
chr21	18496245	18496245	-	13	13	0
chr21	18496282	18496282	-	13	9	4
chr21	18496285	18496285	-	15	9	6
chr21	18496289	18496289	-	15	14	1
chr21	18498731	18498731	-	49	44	5
chr21	18512927	18512927	+	14	14	0
chr21	18513019	18513019	-	14	14	0
chr21	18538970	18538970	+	24	0	24
chr21	18538978	18538978	+	24	0	24
chr21	18538983	18538983	+	24	0	24
chr21	18538998	18538998	+	24	0	24
chr21	18539009	18539009	+	24	0	24
chr21	18539010	18539010	-	15	0	15
chr21	18539016	18539016	+	21	0	21
chr21	18539017	18539017	-	16	0	16
chr21	18539048	18539048	-	16	1	15
chr21	18539053	18539053	-	16	0	16
chr21	18539117	18539117	+	49	0	49
chr21	18539131	18539131	+	49	1	48
chr21	18539148	18539148	+	48	1	47
chr21	18539208	18539208	-	77	8	69
chr21	18539218	18539218	-	81	4	77
chr21	18539220	18539220	-	81	0	81
chr21	18539222	18539222	-	84	0	84
chr21	18539231	18539231	-	82	2	80
chr21	18539233	18539233	-	83	0	83
chr21	18539240	18539240	-	82	0	82
chr21	18539249	18539249	+	21	2	19
chr21	18539250	18539250	-	84	0	84
chr21	18539253	18539253	+	21	0	21
chr21	18539259	18539259	+	20	1	19
chr21	18539264	18539264	+	21	2	19
chr21	18539265	18539265	-	13	0	13
chr21	18539266	18539266	+	21	0	21
chr21	18539267	18539267	-	16	4	12
chr21	18539276	18539276	+	21	3	18
chr21	18539277	18539277	-	16	0	16
chr21	18539290	18539290	+	21	0	21
chr21	18539291	18539291	-	16	0	16
chr21	18539294	18539294	+	19	0	19
chr21	18539295	18539295	-	16	0	16
chr21	18539298	18539298	-	16	0	16
chr21	18539311	18539311	-	16	0	16
chr21	18539540	18539540	-	16	0	16
chr21	18539545	18539545	-	16	0	16
chr21	18539547	18539547	-	16	0	16
chr21	18539550	18539550	-	16	0	16
chr21	18539565	18539565	-	17	0	17
chr21	18539569	18539569	-	17	0	17
chr21	18539579	18539579	+	13	0	13
chr21	18539580	18539580	-	17	0	17
chr21	18539584	18539584	+	13	0	13
chr21	18539804	18539804	+	46	0	46
chr21	18539838	18539838	+	35	6	29
chr21	18539933	18539933	-	26	0	26
chr21	18539960	18539960	-	29	2	27
chr21	18539970	18539970	-	24	0	24
chr21	18539976	18539976	-	29	4	25
chr21	18550887	18550887	+	26	24	2
chr21	18551006	18551006	-	16	16	0
chr21	18566634	18566634	+	32	31	1
chr21	18566639	18566639	+	32	32	0
chr21	18566677	18566677	+	30	29	1
chr21	18566682	18566682	+	30	30	0
chr21	18571200	18571200	+	13	12	1
chr21	18571243	18571243	+	11	9	1
chr21	18571249	18571249	+	10	0	10
chr21	18572834	18572834	+	18	18	0
chr21	18572866	18572866	+	18	18	0
chr21	18572867	18572867	-	49	46	3
chr21	18572885	18572885	-	49	47	2
chr21	18574312	18574312	+	15	15	0
chr21	18576141	18576141	+	21	21	0
chr21	18576145	18576145	+	21	21	0
chr21	18576157	18576157	+	21	20	1
chr21	18576178	18576178	+	19	18	1
chr21	18576179	18576179	-	12	11	1
chr21	18576203	18576203	-	12	12	0
chr21	18576211	18576211	-	12	12	0
chr21	18578884	18578884	+	13	13	0
chr21	18578901	18578901	+	13	13	0
chr21	18582970	18582970	+	23	23	0
chr21	18582975	18582975	+	23	20	3
chr21	18615698	18615698	-	26	26	0
chr21	18713624	18713624	+	23	23	0
chr21	18713634	18713634	+	23	19	4
chr21	18713648	18713648	+	24	24	0
chr21	18737675	18737675	+	19	13	6
chr21	18737730	18737730	-	16	12	4
chr21	18737988	18737988	+	10	0	10
chr21	18737989	18737989	-	12	0	12
chr21	18738234	18738234	-	23	7	16
chr21	18763228	18763228	+	16	11	5
chr21	18957876	18957876	+	25	25	0
chr21	18958033	18958033	-	39	39	0
chr21	19049250	19049250	-	13	12	1
chr21	19053688	19053688	+	11	11	0
chr21	19053696	19053696	+	11	11	0
chr21	19059419	19059419	-	14	14	0
chr21	19095152	19095152	+	29	28	1
chr21	19095158	19095158	+	29	29	0
chr21	19095182	19095182	+	28	27	1
chr21	19122215	19122215	+	12	11	1
chr21	19122264	19122264	+	11	0	11
chr21	19280741	19280741	+	19	18	1
chr21	19282009	19282009	+	32	31	1
chr21	19282105	19282105	-	17	15	2
chr21	19315566	19315566	-	13	13	0
chr21	19315591	19315591	-	13	13	0
chr21	19329763	19329763	-	18	18	0
chr21	19390691	19390691	-	73	72	1
chr21	19390694	19390694	-	73	68	5
chr21	19477902	19477902	+	55	51	4
chr21	19477950	19477950	+	47	44	3
chr21	19528225	19528225	-	75	70	5
chr21	19528262	19528262	-	79	79	0
chr21	19528268	19528268	-	79	65	14
chr21	19530724	19530724	-	10	10	0
chr21	19530743	19530743	-	10	10	0
chr21	19539486	19539486	-	34	34	0
chr21	19539511	19539511	-	34	33	1
chr21	19539528	19539528	-	34	26	8
chr21	19579289	19579289	+	20	17	3
chr21	19579345	19579345	-	23	23	0
chr21	19579352	19579352	-	23	23	0
chr21	19579357	19579357	-	23	23	0
chr21	19579361	19579361	-	23	22	1
chr21	19599501	19599501	+	72	62	10
chr21	19599600	19599600	-	46	46	0
chr21	19599630	19599630	-	46	40	6
chr21	19626227	19626227	-	27	27	0
chr21	19626384	19626384	-	31	31	0
chr21	19647108	19647108	-	46	46	0
chr21	19647150	19647150	-	50	50	0
chr21	19711774	19711774	+	20	20	0
chr21	19711822	19711822	+	20	19	1
chr21	19724854	19724854	+	16	14	2
chr21	19724861	19724861	+	16	14	2
chr21	19724874	19724874	+	16	14	2
chr21	19724899	19724899	+	12	12	0
chr21	19739452	19739452	+	18	18	0
chr21	19739521	19739521	-	25	25	0
chr21	19788073	19788073	-	19	13	6
chr21	19788076	19788076	-	20	20	0
chr21	19788089	19788089	-	20	20	0
chr21	19788093	19788093	-	20	19	1
chr21	19788113	19788113	-	21	17	4
chr21	19788117	19788117	-	21	21	0
chr21	19788122	19788122	-	21	21	0
chr21	19788126	19788126	-	12	12	0
chr21	19788151	19788151	-	12	12	0
chr21	19788154	19788154	-	12	12	0
chr21	19829742	19829742	+	11	11	0
chr21	19855690	19855690	+	34	34	0
chr21	19855706	19855706	+	34	34	0
chr21	19855711	19855711	+	34	34	0
chr21	19885992	19885992	+	10	10	0
chr21	19886045	19886045	-	16	15	1
chr21	19886061	19886061	-	16	16	0
chr21	19935292	19935292	-	16	16	0
chr21	19943653	19943653	+	26	25	1
chr21	19943695	19943695	+	26	26	0
