#Date:2024-04-05 11:40:51
#Class:methylRawDB
#DT:tabix
#SI:ctrl2
#AS:hg18
#CT:CpG
#RS:base
#NR:1697
#DT:tabix
chr21	9736774	9736774	-	10	1	9
chr21	9737358	9737358	+	13	4	9
chr21	9746025	9746025	-	11	8	3
chr21	9764151	9764151	-	11	1	10
chr21	9796637	9796637	+	12	3	9
chr21	9797132	9797132	+	15	10	5
chr21	9797133	9797133	-	16	7	9
chr21	9797182	9797182	+	22	12	10
chr21	9797212	9797212	+	15	2	13
chr21	9798664	9798664	+	10	10	0
chr21	9802574	9802574	+	18	13	5
chr21	9802590	9802590	+	19	14	5
chr21	9802620	9802620	+	14	9	5
chr21	9804873	9804873	+	11	11	0
chr21	9804890	9804890	+	11	3	8
chr21	9804899	9804899	+	11	3	8
chr21	9808138	9808138	+	14	6	8
chr21	9808158	9808158	+	14	8	6
chr21	9808438	9808438	+	12	0	12
chr21	9809998	9809998	+	204	169	35
chr21	9817099	9817099	+	20	20	0
chr21	9817117	9817117	+	20	0	20
chr21	9820622	9820622	+	431	13	418
chr21	9820652	9820652	+	414	171	243
chr21	9826907	9826907	+	49	3	46
chr21	9829072	9829072	-	11	10	0
chr21	9829082	9829082	-	10	10	0
chr21	9829550	9829550	+	11	1	10
chr21	9831075	9831075	+	15	3	12
chr21	9839701	9839701	+	13	6	7
chr21	9840137	9840137	+	12	8	4
chr21	9841786	9841786	+	13	13	0
chr21	9841811	9841811	+	14	13	1
chr21	9842905	9842905	+	12	11	1
chr21	9845819	9845819	+	11	1	10
chr21	9847953	9847953	+	14	14	0
chr21	9849022	9849022	+	392	324	68
chr21	9849386	9849386	+	10	5	5
chr21	9849392	9849392	+	10	5	5
chr21	9850185	9850185	-	15	11	4
chr21	9850215	9850215	-	16	14	2
chr21	9853030	9853030	+	10	9	1
chr21	9853296	9853296	+	395	341	54
chr21	9853326	9853326	+	379	284	95
chr21	9854818	9854818	+	11	9	2
chr21	9860126	9860126	+	41	40	1
chr21	9863481	9863481	+	25	19	6
chr21	9865113	9865113	+	12	6	6
chr21	9874437	9874437	+	75	73	2
chr21	9875688	9875688	+	12	9	3
chr21	9880285	9880285	+	13	6	7
chr21	9884536	9884536	+	11	11	0
chr21	9906604	9906604	+	37	33	4
chr21	9906616	9906616	+	37	27	10
chr21	9906619	9906619	+	37	29	8
chr21	9906634	9906634	+	34	22	12
chr21	9906640	9906640	+	34	0	34
chr21	9906644	9906644	+	34	29	5
chr21	9906676	9906676	+	26	24	2
chr21	9906681	9906681	+	26	11	15
chr21	9906694	9906694	+	26	15	11
chr21	9906700	9906700	+	23	10	13
chr21	9906704	9906704	+	17	13	4
chr21	9906714	9906714	+	21	19	2
chr21	9906724	9906724	+	21	17	4
chr21	9906805	9906805	-	15	13	2
chr21	9906808	9906808	-	15	11	4
chr21	9906822	9906822	-	15	14	1
chr21	9906824	9906824	-	15	10	5
chr21	9906827	9906827	-	15	7	8
chr21	9906839	9906839	-	15	8	7
chr21	9906841	9906841	-	15	15	0
chr21	9906846	9906846	+	22	20	2
chr21	9906847	9906847	-	15	13	2
chr21	9906864	9906864	+	22	14	8
chr21	9906869	9906869	+	22	0	22
chr21	9906873	9906873	+	22	7	15
chr21	9906884	9906884	+	22	8	14
chr21	9906885	9906885	-	11	0	11
chr21	9906889	9906889	+	22	0	22
chr21	9906890	9906890	-	11	1	10
chr21	9906902	9906902	-	11	0	11
chr21	9906907	9906907	-	11	4	7
chr21	9906910	9906910	-	11	5	6
chr21	9906926	9906926	-	11	5	6
chr21	9906928	9906928	-	11	7	4
chr21	9906931	9906931	-	11	5	6
chr21	9906934	9906934	-	11	9	2
chr21	9911345	9911345	+	17	10	7
chr21	9913543	9913543	+	28	28	0
chr21	9913575	9913575	+	28	26	2
chr21	9917629	9917629	+	14	1	13
chr21	9917645	9917645	+	11	5	6
chr21	9917648	9917648	+	11	7	4
chr21	9927527	9927527	+	14	11	3
chr21	9927676	9927676	-	18	17	1
chr21	9927687	9927687	-	14	13	1
chr21	9944505	9944505	+	40	25	15
chr21	9944663	9944663	-	31	25	6
chr21	9959407	9959407	+	40	27	13
chr21	9959541	9959541	-	39	32	7
chr21	9959569	9959569	-	39	35	4
chr21	9959577	9959577	-	39	36	3
chr21	9959644	9959644	-	31	14	17
chr21	9959650	9959650	-	32	21	11
chr21	9967634	9967634	-	56	29	27
chr21	9990967	9990967	+	16	12	4
chr21	10009672	10009672	-	11	11	0
chr21	10011833	10011833	+	14	14	0
chr21	10011841	10011841	+	14	8	6
chr21	10011855	10011855	+	14	12	2
chr21	10011858	10011858	+	13	8	5
chr21	10011861	10011861	+	13	9	4
chr21	10011872	10011872	+	14	8	6
chr21	10011876	10011876	+	11	9	2
chr21	10011878	10011878	+	12	12	0
chr21	10011925	10011925	-	20	6	14
chr21	10011938	10011938	-	20	17	3
chr21	10011954	10011954	-	16	12	4
chr21	10011964	10011964	-	21	14	7
chr21	10011974	10011974	-	20	12	8
chr21	10011987	10011987	+	25	23	2
chr21	10011990	10011990	+	25	14	11
chr21	10012008	10012008	+	24	13	11
chr21	10012030	10012030	+	24	18	6
chr21	10012069	10012069	+	22	6	16
chr21	10012075	10012075	+	22	16	6
chr21	10012079	10012079	+	22	16	6
chr21	10012089	10012089	+	22	12	10
chr21	10012095	10012095	+	21	17	4
chr21	10012101	10012101	+	20	12	8
chr21	10012696	10012696	+	10	10	0
chr21	10012699	10012699	+	10	3	7
chr21	10012876	10012876	+	14	12	2
chr21	10012881	10012881	+	15	0	15
chr21	10012883	10012883	+	15	14	1
chr21	10012887	10012887	+	15	14	1
chr21	10012891	10012891	+	15	14	1
chr21	10012894	10012894	+	14	14	0
chr21	10012898	10012898	+	14	14	0
chr21	10012900	10012900	+	16	16	0
chr21	10012902	10012902	+	15	12	3
chr21	10012921	10012921	+	13	13	0
chr21	10012924	10012924	+	14	8	6
chr21	10012934	10012934	-	10	4	6
chr21	10012938	10012938	-	10	6	4
chr21	10012940	10012940	-	10	4	6
chr21	10012942	10012942	-	10	2	8
chr21	10012944	10012944	-	10	5	5
chr21	10012947	10012947	-	10	10	0
chr21	10013827	10013827	-	11	11	0
chr21	10014621	10014621	+	10	3	7
chr21	10022131	10022131	-	24	4	20
chr21	10022157	10022157	-	24	19	5
chr21	10022165	10022165	-	24	18	6
chr21	10055609	10055609	+	11	10	1
chr21	10064601	10064601	+	10	8	2
chr21	10065022	10065022	+	42	39	3
chr21	10065061	10065061	+	41	19	22
chr21	10065208	10065208	+	14	4	10
chr21	10066191	10066191	+	12	9	3
chr21	10070955	10070955	-	10	4	6
chr21	10071163	10071163	-	10	0	10
chr21	10076490	10076490	+	11	6	5
chr21	10077699	10077699	+	74	58	16
chr21	10077705	10077705	+	75	60	15
chr21	10077904	10077904	-	16	8	8
chr21	10086785	10086785	+	42	33	9
chr21	10087013	10087013	+	14	11	3
chr21	10087014	10087014	-	13	5	8
chr21	10092223	10092223	-	21	21	0
chr21	10099942	10099942	+	31	23	8
chr21	10099950	10099950	+	31	28	3
chr21	10102508	10102508	+	10	2	8
chr21	10108412	10108412	+	12	10	2
chr21	10111115	10111115	+	21	19	2
chr21	10111127	10111127	+	20	11	9
chr21	10112133	10112133	-	11	8	3
chr21	10114141	10114141	-	11	11	0
chr21	10114147	10114147	-	11	11	0
chr21	10114305	10114305	-	25	15	10
chr21	10114343	10114343	-	25	13	12
chr21	10114345	10114345	-	25	8	17
chr21	10114351	10114351	-	25	25	0
chr21	10114496	10114496	+	13	8	5
chr21	10114526	10114526	+	14	14	0
chr21	10115750	10115750	+	26	21	5
chr21	10116599	10116599	-	34	30	4
chr21	10116637	10116637	-	35	31	4
chr21	10118632	10118632	-	10	10	0
chr21	10118677	10118677	-	12	0	12
chr21	10119874	10119874	-	12	6	6
chr21	10120079	10120079	-	13	9	4
chr21	10120091	10120091	-	14	7	7
chr21	10120564	10120564	-	18	12	6
chr21	10120584	10120584	-	20	19	1
chr21	10120599	10120599	+	36	35	1
chr21	10120600	10120600	-	21	19	2
chr21	10120603	10120603	+	36	4	32
chr21	10120634	10120634	+	37	4	33
chr21	10120643	10120643	+	37	4	33
chr21	10120990	10120990	+	12	12	0
chr21	10121028	10121028	+	14	12	2
chr21	10121033	10121033	+	14	14	0
chr21	10121126	10121126	+	152	145	7
chr21	10121171	10121171	+	153	101	52
chr21	10121198	10121198	+	11	7	4
chr21	10121761	10121761	+	15	15	0
chr21	10121789	10121789	+	15	14	1
chr21	10122181	10122181	+	11	11	0
chr21	10124972	10124972	-	11	8	3
chr21	10128564	10128564	-	12	11	1
chr21	10128590	10128590	+	25	25	0
chr21	10128591	10128591	-	12	10	2
chr21	10128601	10128601	+	24	24	0
chr21	10128603	10128603	+	25	24	1
chr21	10128609	10128609	+	25	23	2
chr21	10128617	10128617	+	25	22	3
chr21	10128639	10128639	+	62	35	27
chr21	10128659	10128659	+	37	20	17
chr21	10128660	10128660	-	24	13	11
chr21	10128661	10128661	+	37	33	4
chr21	10128662	10128662	-	24	17	6
chr21	10128670	10128670	+	37	33	4
chr21	10128671	10128671	-	23	19	4
chr21	10128673	10128673	+	37	32	5
chr21	10128674	10128674	-	23	17	6
chr21	10128682	10128682	+	18	0	18
chr21	10128683	10128683	-	17	7	10
chr21	10128702	10128702	+	12	12	0
chr21	10128705	10128705	+	11	11	0
chr21	10128706	10128706	-	17	17	0
chr21	10128707	10128707	+	12	9	3
chr21	10128708	10128708	-	16	16	0
chr21	10128710	10128710	+	12	11	1
chr21	10128711	10128711	-	18	14	4
chr21	10128720	10128720	+	14	10	4
chr21	10128721	10128721	-	18	18	0
chr21	10128734	10128734	+	52	48	4
chr21	10128735	10128735	-	18	11	7
chr21	10128738	10128738	+	52	34	18
chr21	10128745	10128745	+	52	14	38
chr21	10128748	10128748	+	52	42	10
chr21	10128758	10128758	+	42	25	17
chr21	10128775	10128775	+	42	39	3
chr21	10128839	10128839	+	57	53	4
chr21	10128850	10128850	+	58	43	15
chr21	10128867	10128867	+	64	62	2
chr21	10128881	10128881	+	65	47	18
chr21	10128883	10128883	+	65	52	13
chr21	10128964	10128964	-	20	15	5
chr21	10128980	10128980	-	20	6	14
chr21	10128989	10128989	-	19	16	3
chr21	10128991	10128991	-	17	13	4
chr21	10129003	10129003	-	17	14	3
chr21	10129546	10129546	+	22	17	5
chr21	10129550	10129550	+	22	14	8
chr21	10130556	10130556	-	20	9	11
chr21	10130568	10130568	-	20	5	15
chr21	10131118	10131118	-	14	1	13
chr21	10131149	10131149	-	19	11	8
chr21	10131208	10131208	-	17	8	9
chr21	10131434	10131434	-	12	11	1
chr21	10131969	10131969	+	21	18	3
chr21	10132009	10132009	+	11	6	5
chr21	10132033	10132033	+	15	9	6
chr21	10132081	10132081	-	25	16	9
chr21	10132089	10132089	-	27	24	3
chr21	10132094	10132094	+	13	13	0
chr21	10132095	10132095	-	26	22	4
chr21	10132122	10132122	+	13	10	3
chr21	10132130	10132130	+	59	52	7
chr21	10132131	10132131	-	13	13	0
chr21	10132177	10132177	+	75	37	38
chr21	10132221	10132221	+	14	9	5
chr21	10132265	10132265	+	13	8	5
chr21	10132398	10132398	+	33	30	3
chr21	10132418	10132418	+	38	37	1
chr21	10132934	10132934	+	10	6	4
chr21	10133008	10133008	-	32	23	9
chr21	10133043	10133043	-	21	21	0
chr21	10133048	10133048	+	71	63	8
chr21	10133049	10133049	-	27	16	11
chr21	10133056	10133056	+	70	51	19
chr21	10133080	10133080	+	78	66	12
chr21	10133081	10133081	-	20	16	4
chr21	10133091	10133091	+	79	40	39
chr21	10133092	10133092	-	20	9	11
chr21	10133111	10133111	-	55	49	6
chr21	10133159	10133159	+	40	31	9
chr21	10133160	10133160	-	55	44	11
chr21	10133401	10133401	+	39	18	21
chr21	10133402	10133402	-	27	6	21
chr21	10133513	10133513	+	13	0	13
chr21	10135604	10135604	+	10	2	8
chr21	10135965	10135965	+	25	19	6
chr21	10135977	10135977	+	28	19	9
chr21	10136480	10136480	+	10	6	4
chr21	10136567	10136567	-	31	19	12
chr21	10136600	10136600	-	24	15	9
chr21	10136614	10136614	+	64	61	3
chr21	10136615	10136615	-	24	16	8
chr21	10136632	10136632	+	68	4	64
chr21	10136648	10136648	+	72	13	59
chr21	10136731	10136731	-	84	79	5
chr21	10136737	10136737	-	83	81	2
chr21	10136755	10136755	-	65	57	8
chr21	10136772	10136772	+	17	12	5
chr21	10136773	10136773	-	60	51	9
chr21	10136851	10136851	+	12	5	7
chr21	10136852	10136852	-	13	13	0
chr21	10137299	10137299	+	13	6	7
chr21	10137300	10137300	-	11	11	0
chr21	10137314	10137314	-	11	10	1
chr21	10137356	10137356	-	23	3	20
chr21	10137372	10137372	-	23	22	1
chr21	10137993	10137993	+	12	4	8
chr21	10143097	10143097	-	11	6	5
chr21	10144908	10144908	-	15	13	2
chr21	10145439	10145439	+	15	11	4
chr21	10145470	10145470	+	18	11	7
chr21	10145471	10145471	-	41	33	8
chr21	10145506	10145506	+	17	13	4
chr21	10145507	10145507	-	41	38	3
chr21	10146332	10146332	-	13	8	5
chr21	10146835	10146835	-	14	8	6
chr21	10147406	10147406	+	12	10	2
chr21	10147436	10147436	+	12	8	4
chr21	10148190	10148190	+	48	45	3
chr21	10148224	10148224	+	51	48	3
chr21	10148396	10148396	-	45	35	10
chr21	10148864	10148864	+	10	8	2
chr21	10148967	10148967	+	14	10	4
chr21	10149531	10149531	-	12	2	10
chr21	10150574	10150574	-	10	10	0
chr21	10150581	10150581	-	14	13	1
chr21	10151222	10151222	-	10	9	1
chr21	10151561	10151561	+	15	13	2
chr21	10151842	10151842	+	10	9	1
chr21	10151849	10151849	+	10	7	3
chr21	10151855	10151855	+	10	10	0
chr21	10151952	10151952	-	15	13	2
chr21	10151967	10151967	+	19	19	0
chr21	10151968	10151968	-	15	14	1
chr21	10152050	10152050	-	26	13	13
chr21	10152060	10152060	-	10	7	3
chr21	10152195	10152195	-	11	9	2
chr21	10153229	10153229	+	12	12	0
chr21	10153249	10153249	+	12	12	0
chr21	10153437	10153437	+	24	21	3
chr21	10153441	10153441	+	23	15	8
chr21	10153486	10153486	+	22	18	4
chr21	10153944	10153944	+	11	6	5
chr21	10154024	10154024	-	30	28	2
chr21	10154062	10154062	-	28	6	22
chr21	10154072	10154072	-	29	28	1
chr21	10154210	10154210	-	128	124	4
chr21	10154226	10154226	-	127	120	7
chr21	10154246	10154246	-	130	112	18
chr21	10154830	10154830	-	25	22	3
chr21	10154872	10154872	+	25	24	1
chr21	10154873	10154873	-	10	4	6
chr21	10154893	10154893	+	25	23	2
chr21	10154894	10154894	-	10	10	0
chr21	10154897	10154897	+	24	0	24
chr21	10154898	10154898	-	10	0	10
chr21	10154916	10154916	-	10	10	0
chr21	10154944	10154944	+	15	14	1
chr21	10154963	10154963	+	17	12	5
chr21	10154988	10154988	+	17	11	6
chr21	10155025	10155025	-	12	8	4
chr21	10156037	10156037	-	14	9	5
chr21	10156385	10156385	-	15	11	4
chr21	10156391	10156391	-	12	7	5
chr21	10156485	10156485	-	10	7	3
chr21	10156496	10156496	-	10	4	6
chr21	10156520	10156520	+	53	53	0
chr21	10156521	10156521	-	10	8	2
chr21	10157292	10157292	+	12	10	2
chr21	10157317	10157317	+	17	8	9
chr21	10157440	10157440	-	112	88	24
chr21	10157501	10157501	+	14	14	0
chr21	10157502	10157502	-	13	10	3
chr21	10157515	10157515	+	14	4	10
chr21	10157516	10157516	-	15	12	3
chr21	10158020	10158020	+	32	32	0
chr21	10158023	10158023	+	32	9	23
chr21	10158122	10158122	+	14	7	7
chr21	10158123	10158123	-	11	9	2
chr21	10160749	10160749	-	14	14	0
chr21	10160753	10160753	-	15	15	0
chr21	10162093	10162093	+	15	14	1
chr21	10162452	10162452	+	16	14	2
chr21	10162475	10162475	+	11	6	5
chr21	10162481	10162481	+	11	11	0
chr21	10162919	10162919	+	10	9	1
chr21	10165607	10165607	-	13	9	4
chr21	10165618	10165618	+	32	28	4
chr21	10165619	10165619	-	13	12	1
chr21	10165649	10165649	+	33	22	11
chr21	10165706	10165706	-	22	20	2
chr21	10165750	10165750	-	13	13	0
chr21	10165757	10165757	+	11	10	1
chr21	10165758	10165758	-	14	11	3
chr21	10165759	10165759	+	11	8	3
chr21	10165760	10165760	-	15	6	9
chr21	10165785	10165785	+	12	2	10
chr21	10165786	10165786	-	15	7	8
chr21	10165853	10165853	+	10	5	5
chr21	10165854	10165854	-	33	32	1
chr21	10165861	10165861	+	10	5	5
chr21	10165862	10165862	-	43	29	14
chr21	10165886	10165886	-	44	41	3
chr21	10165897	10165897	+	24	24	0
chr21	10165898	10165898	-	39	37	2
chr21	10165938	10165938	+	25	15	10
chr21	10166153	10166153	-	14	11	3
chr21	10166159	10166159	-	14	11	3
chr21	10166232	10166232	-	11	6	5
chr21	10166251	10166251	-	11	5	6
chr21	10166259	10166259	-	10	7	3
chr21	10166268	10166268	-	10	10	0
chr21	10166405	10166405	-	10	4	6
chr21	10166595	10166595	-	10	2	8
chr21	10166924	10166924	+	17	11	6
chr21	10166931	10166931	+	17	10	7
chr21	10166952	10166952	+	15	4	11
chr21	10167046	10167046	+	16	9	7
chr21	10167071	10167071	+	17	10	7
chr21	10167190	10167190	-	11	6	5
chr21	10167633	10167633	+	10	2	8
chr21	10167701	10167701	-	20	4	16
chr21	10167724	10167724	-	18	2	16
chr21	10167795	10167795	-	11	9	2
chr21	10167902	10167902	-	10	5	5
chr21	10169929	10169929	+	10	10	0
chr21	10169973	10169973	+	10	0	10
chr21	10169974	10169974	-	11	4	7
chr21	10171275	10171275	-	12	6	6
chr21	10171319	10171319	-	26	15	11
chr21	10171329	10171329	-	26	20	6
chr21	10171331	10171331	-	26	26	0
chr21	10171335	10171335	-	26	25	1
chr21	10176577	10176577	-	64	45	19
chr21	10176584	10176584	-	65	61	2
chr21	10176592	10176592	-	63	54	9
chr21	10178863	10178863	+	18	16	2
chr21	10186452	10186452	+	19	18	1
chr21	10186457	10186457	+	10	7	3
chr21	10186507	10186507	-	58	37	21
chr21	10186519	10186519	-	61	54	7
chr21	10186540	10186540	+	10	7	3
chr21	10186541	10186541	-	59	38	21
chr21	10187865	10187865	-	18	15	3
chr21	10189220	10189220	-	19	7	12
chr21	10190376	10190376	-	11	6	5
chr21	10190387	10190387	-	11	10	1
chr21	10190396	10190396	-	11	9	2
chr21	10190413	10190413	-	11	11	0
chr21	10190460	10190460	-	10	9	1
chr21	10190503	10190503	-	49	43	6
chr21	10190515	10190515	+	12	12	0
chr21	10190516	10190516	-	49	48	1
chr21	10190523	10190523	+	12	9	3
chr21	10190524	10190524	-	11	8	3
chr21	10190541	10190541	+	11	11	0
chr21	10190542	10190542	-	11	10	1
chr21	10190546	10190546	+	11	8	3
chr21	10190547	10190547	-	11	10	1
chr21	10190550	10190550	+	10	5	5
chr21	10190551	10190551	-	11	6	5
chr21	10190556	10190556	-	11	11	0
chr21	10190583	10190583	-	13	13	0
chr21	10190587	10190587	-	13	12	1
chr21	10190611	10190611	-	11	0	11
chr21	10190622	10190622	-	13	9	4
chr21	10190627	10190627	-	13	8	5
chr21	10190629	10190629	+	37	37	0
chr21	10190630	10190630	-	13	13	0
chr21	10190633	10190633	+	36	13	23
chr21	10190658	10190658	+	36	28	8
chr21	10190669	10190669	+	35	28	7
chr21	10190676	10190676	+	33	27	6
chr21	10190834	10190834	-	16	11	5
chr21	10190852	10190852	-	13	5	8
chr21	10190868	10190868	-	13	4	9
chr21	10190881	10190881	+	44	37	7
chr21	10190882	10190882	-	12	8	4
chr21	10190896	10190896	+	44	37	7
chr21	10190897	10190897	-	49	42	7
chr21	10190924	10190924	+	23	19	4
chr21	10190925	10190925	-	51	48	3
chr21	10190929	10190929	+	18	13	5
chr21	10190930	10190930	-	51	35	16
chr21	10190937	10190937	-	51	46	5
chr21	10190944	10190944	-	51	49	2
chr21	10191023	10191023	-	36	26	10
chr21	10191062	10191062	-	30	26	4
chr21	10191201	10191201	-	10	1	9
chr21	10191293	10191293	+	13	11	2
chr21	10191294	10191294	-	16	14	2
chr21	10191326	10191326	-	25	24	1
chr21	10191348	10191348	-	19	19	0
chr21	10191408	10191408	-	46	23	23
chr21	10191430	10191430	-	43	29	14
chr21	10191769	10191769	+	19	19	0
chr21	10191770	10191770	-	58	56	2
chr21	10191773	10191773	+	19	10	9
chr21	10191786	10191786	+	19	16	3
chr21	10191818	10191818	+	18	15	3
chr21	10191819	10191819	-	70	64	6
chr21	10191824	10191824	-	71	47	24
chr21	10191830	10191830	-	71	58	13
chr21	10191838	10191838	-	71	51	20
chr21	10191850	10191850	+	15	13	2
chr21	10191851	10191851	-	70	59	11
chr21	10191857	10191857	+	15	13	2
chr21	10191863	10191863	+	14	12	2
chr21	10191875	10191875	+	15	6	9
chr21	10191878	10191878	+	33	23	10
chr21	10191899	10191899	+	32	27	5
chr21	10191900	10191900	-	38	33	5
chr21	10191906	10191906	+	26	9	17
chr21	10191907	10191907	-	38	21	17
chr21	10191923	10191923	+	25	8	17
chr21	10191924	10191924	-	39	22	17
chr21	10191940	10191940	-	42	33	9
chr21	10192279	10192279	+	17	12	5
chr21	10192318	10192318	+	17	15	2
chr21	10192322	10192322	+	17	14	3
chr21	10192323	10192323	-	10	9	1
chr21	10192331	10192331	-	10	9	1
chr21	10192335	10192335	-	10	8	2
chr21	10196458	10196458	-	14	8	6
chr21	10201698	10201698	-	10	7	3
chr21	10203523	10203523	+	11	11	0
chr21	10203541	10203541	+	11	11	0
chr21	10203548	10203548	+	11	11	0
chr21	10206494	10206494	+	11	11	0
chr21	10208038	10208038	+	10	10	0
chr21	10208128	10208128	+	206	135	71
chr21	10208129	10208129	-	149	128	21
chr21	10208521	10208521	+	149	2	147
chr21	10208522	10208522	-	262	3	259
chr21	10208623	10208623	-	12	12	0
chr21	10208692	10208692	-	31	30	1
chr21	13266540	13266540	+	12	3	9
chr21	13272547	13272547	+	51	2	49
chr21	13282433	13282433	+	326	306	20
chr21	13282440	13282440	+	324	213	111
chr21	13289258	13289258	+	11	5	6
chr21	13290830	13290830	-	15	9	6
chr21	13290849	13290849	-	15	0	15
chr21	13294742	13294742	+	13	13	0
chr21	13294755	13294755	+	13	13	0
chr21	13294757	13294757	+	13	13	0
chr21	13294785	13294785	+	16	13	3
chr21	13294893	13294893	-	23	15	8
chr21	13294914	13294914	-	23	23	0
chr21	13306159	13306159	+	15	15	0
chr21	13306171	13306171	+	15	12	3
chr21	13306175	13306175	+	14	14	0
chr21	13306319	13306319	-	15	14	1
chr21	13306339	13306339	-	15	15	0
chr21	13306349	13306349	-	15	11	4
chr21	13320693	13320693	+	17	17	0
chr21	13329132	13329132	+	16	8	8
chr21	13329140	13329140	+	16	15	1
chr21	13329151	13329151	+	16	16	0
chr21	13329164	13329164	+	16	16	0
chr21	13331902	13331902	-	12	12	0
chr21	13369700	13369700	+	12	7	5
chr21	13369706	13369706	+	12	12	0
chr21	13369716	13369716	+	12	12	0
chr21	13412268	13412268	+	13	13	0
chr21	13412311	13412311	+	13	13	0
chr21	13662766	13662766	+	38	38	0
chr21	13664888	13664888	+	15	14	1
chr21	13664889	13664889	-	130	129	1
chr21	13666397	13666397	-	55	54	1
chr21	13666506	13666506	-	20	19	1
chr21	13666542	13666542	-	21	20	1
chr21	13666552	13666552	+	18	17	1
chr21	13666553	13666553	-	21	20	1
chr21	13666601	13666601	+	17	16	1
chr21	13672934	13672934	+	11	11	0
chr21	13673214	13673214	+	13	12	1
chr21	13673243	13673243	+	13	12	1
chr21	13673262	13673262	+	13	13	0
chr21	13673713	13673713	+	15	15	0
chr21	13673740	13673740	+	15	15	0
chr21	13673754	13673754	+	15	9	6
chr21	13673937	13673937	+	20	20	0
chr21	13673945	13673945	+	20	19	1
chr21	13673964	13673964	+	19	15	4
chr21	13673983	13673983	+	20	16	4
chr21	13674125	13674125	+	13	11	2
chr21	13675001	13675001	+	17	17	0
chr21	13675005	13675005	+	17	17	0
chr21	13675042	13675042	+	16	14	2
chr21	13675047	13675047	+	16	11	5
chr21	13719180	13719180	-	13	5	8
chr21	13719188	13719188	-	13	5	8
chr21	13722718	13722718	+	33	31	2
chr21	13722734	13722734	+	33	31	2
chr21	13722743	13722743	+	33	32	1
chr21	13740067	13740067	+	26	22	4
chr21	13877640	13877640	+	13	7	6
chr21	13877808	13877808	-	11	11	0
chr21	13877855	13877855	-	11	9	2
chr21	13877896	13877896	-	11	11	0
chr21	13877899	13877899	-	11	11	0
chr21	13878804	13878804	-	13	13	0
chr21	13958077	13958077	-	16	16	0
chr21	13958080	13958080	-	16	15	1
chr21	13958094	13958094	-	16	16	0
chr21	13958107	13958107	-	16	11	5
chr21	13958266	13958266	-	17	17	0
chr21	13960510	13960510	-	10	8	2
chr21	13974025	13974025	+	10	10	0
chr21	13974282	13974282	+	16	16	0
chr21	13974286	13974286	+	16	14	2
chr21	13974288	13974288	+	16	14	2
chr21	13974325	13974325	+	16	6	10
chr21	13988987	13988987	-	14	14	0
chr21	13989277	13989277	+	18	18	0
chr21	13989282	13989282	+	18	17	1
chr21	13989284	13989284	+	18	18	0
chr21	13989303	13989303	+	18	17	1
chr21	13989320	13989320	+	18	16	2
chr21	13989384	13989384	-	29	28	1
chr21	13989387	13989387	-	29	21	8
chr21	13989431	13989431	+	13	13	0
chr21	13989432	13989432	-	29	25	4
chr21	13989448	13989448	+	13	11	2
chr21	13989449	13989449	-	19	17	2
chr21	13989451	13989451	+	11	7	4
chr21	13989452	13989452	-	18	11	7
chr21	13989454	13989454	+	12	12	0
chr21	13989455	13989455	-	19	17	2
chr21	13989497	13989497	-	19	17	2
chr21	13989647	13989647	-	10	10	0
chr21	13990130	13990130	+	18	18	0
chr21	13990159	13990159	+	25	21	4
chr21	13990171	13990171	+	28	27	1
chr21	13990194	13990194	+	14	14	0
chr21	13990284	13990284	-	18	18	0
chr21	13990302	13990302	-	16	16	0
chr21	13990316	13990316	-	16	16	0
chr21	13990697	13990697	+	10	0	10
chr21	13990713	13990713	+	11	2	9
chr21	13990719	13990719	+	11	2	9
chr21	13990852	13990852	-	10	5	5
chr21	13990874	13990874	-	10	5	5
chr21	13991068	13991068	+	25	12	13
chr21	13991080	13991080	+	24	8	16
chr21	13991085	13991085	+	23	8	15
chr21	13991112	13991112	+	23	8	15
chr21	13991220	13991220	-	16	1	15
chr21	13991229	13991229	-	15	5	10
chr21	13991247	13991247	+	10	7	3
chr21	13991248	13991248	-	16	14	2
chr21	13991250	13991250	+	10	3	7
chr21	13991268	13991268	+	10	6	4
chr21	13991271	13991271	+	10	7	3
chr21	13991289	13991289	+	10	5	5
chr21	13998967	13998967	+	17	9	8
chr21	13998987	13998987	+	17	7	10
chr21	13999005	13999005	+	18	11	7
chr21	13999011	13999011	+	18	8	10
chr21	13999012	13999012	-	15	7	8
chr21	13999023	13999023	-	15	3	12
chr21	13999031	13999031	-	15	8	7
chr21	13999039	13999039	-	15	0	15
chr21	13999041	13999041	-	15	8	7
chr21	13999059	13999059	-	15	9	6
chr21	13999082	13999082	+	16	6	10
chr21	13999089	13999089	+	15	2	13
chr21	13999095	13999095	+	16	7	9
chr21	13999103	13999103	+	16	9	7
chr21	13999107	13999107	+	16	3	13
chr21	13999114	13999114	+	15	5	10
chr21	13999129	13999129	-	20	10	10
chr21	13999131	13999131	+	12	1	11
chr21	13999132	13999132	-	20	5	15
chr21	13999142	13999142	-	20	11	9
chr21	13999150	13999150	-	20	10	10
chr21	13999168	13999168	-	19	11	8
chr21	13999192	13999192	+	11	3	8
chr21	13999199	13999199	+	11	2	9
chr21	13999206	13999206	+	11	3	8
chr21	13999210	13999210	+	11	3	8
chr21	13999212	13999212	+	11	3	8
chr21	13999236	13999236	+	10	6	4
chr21	13999237	13999237	-	15	11	4
chr21	13999239	13999239	-	15	5	10
chr21	13999247	13999247	-	16	6	10
chr21	13999249	13999249	-	16	6	10
chr21	13999252	13999252	-	16	11	5
chr21	13999256	13999256	-	15	8	7
chr21	13999263	13999263	-	15	10	5
chr21	13999362	13999362	+	10	2	8
chr21	13999541	13999541	+	11	10	1
chr21	13999547	13999547	+	10	9	1
chr21	13999551	13999551	+	10	9	1
chr21	13999561	13999561	+	10	6	4
chr21	13999562	13999562	-	14	5	9
chr21	13999566	13999566	+	10	9	1
chr21	13999567	13999567	-	14	5	9
chr21	13999568	13999568	+	10	2	8
chr21	13999569	13999569	-	15	13	2
chr21	13999574	13999574	+	10	4	6
chr21	13999575	13999575	-	15	1	14
chr21	13999587	13999587	+	10	10	0
chr21	13999588	13999588	-	15	13	2
chr21	13999609	13999609	+	10	10	0
chr21	13999610	13999610	-	15	13	2
chr21	13999621	13999621	+	10	5	5
chr21	13999647	13999647	+	10	5	5
chr21	13999971	13999971	+	10	10	0
chr21	14000056	14000056	+	12	3	9
chr21	14000092	14000092	+	12	12	0
chr21	14018027	14018027	+	18	11	7
chr21	14018046	14018046	+	18	5	13
chr21	14018050	14018050	+	18	5	13
chr21	14018053	14018053	+	17	7	10
chr21	14018056	14018056	+	18	8	10
chr21	14018224	14018224	+	10	9	1
chr21	14018261	14018261	+	10	3	7
chr21	14018268	14018268	+	10	2	8
chr21	14018279	14018279	-	12	12	0
chr21	14018298	14018298	-	12	8	4
chr21	14018304	14018304	-	12	11	1
chr21	14020268	14020268	+	11	11	0
chr21	14057234	14057234	+	20	18	2
chr21	14057892	14057892	-	20	20	0
chr21	14057932	14057932	-	20	20	0
chr21	14059879	14059879	+	10	8	2
chr21	14059887	14059887	+	10	8	2
chr21	14071266	14071266	+	17	17	0
chr21	14071286	14071286	+	17	10	7
chr21	14087947	14087947	-	11	11	0
chr21	14120848	14120848	+	11	11	0
chr21	14120854	14120854	+	11	11	0
chr21	14120864	14120864	+	11	2	9
chr21	14120869	14120869	+	10	10	0
chr21	14120874	14120874	+	11	10	1
chr21	14120949	14120949	+	11	9	2
chr21	14121388	14121388	+	21	21	0
chr21	14121409	14121409	+	21	16	5
chr21	14121411	14121411	+	20	17	3
chr21	14121428	14121428	+	21	15	6
chr21	14121557	14121557	-	13	13	0
chr21	14121571	14121571	-	13	13	0
chr21	14122043	14122043	+	11	9	2
chr21	14122048	14122048	+	11	10	1
chr21	14122053	14122053	+	11	11	0
chr21	14138023	14138023	+	13	13	0
chr21	14138059	14138059	+	13	9	4
chr21	14143530	14143530	+	16	14	2
chr21	14143619	14143619	+	10	9	1
chr21	14149363	14149363	-	11	1	10
chr21	14149402	14149402	-	11	11	0
chr21	14169734	14169734	+	11	11	0
chr21	14183550	14183550	+	10	3	7
chr21	14191829	14191829	-	11	0	11
chr21	14191855	14191855	-	11	10	1
chr21	14191870	14191870	-	10	8	2
chr21	14229195	14229195	-	12	12	0
chr21	14229198	14229198	-	12	12	0
chr21	14229209	14229209	-	12	12	0
chr21	14229227	14229227	-	11	9	2
chr21	14229238	14229238	-	10	10	0
chr21	14229946	14229946	-	13	13	0
chr21	14229948	14229948	-	13	13	0
chr21	14230187	14230187	-	11	11	0
chr21	14230216	14230216	-	10	10	0
chr21	14230284	14230284	-	22	22	0
chr21	14230293	14230293	-	23	23	0
chr21	14230660	14230660	-	29	29	0
chr21	14230665	14230665	-	28	28	0
chr21	14230669	14230669	-	29	27	2
chr21	14230706	14230706	-	29	29	0
chr21	14274348	14274348	-	11	4	7
chr21	14274363	14274363	-	11	4	7
chr21	14274365	14274365	-	11	4	7
chr21	14274367	14274367	-	11	3	8
chr21	14274395	14274395	+	16	3	13
chr21	14274402	14274402	+	16	1	15
chr21	14274406	14274406	+	16	2	14
chr21	14274412	14274412	+	16	2	14
chr21	14274417	14274417	+	16	2	14
chr21	14275564	14275564	-	10	10	0
chr21	14275582	14275582	-	10	10	0
chr21	14280217	14280217	-	11	11	0
chr21	14280366	14280366	-	24	22	2
chr21	14281495	14281495	-	22	19	3
chr21	14303048	14303048	+	15	13	2
chr21	14303083	14303083	+	15	14	1
chr21	14303306	14303306	-	11	11	0
chr21	14303898	14303898	+	14	14	0
chr21	14303914	14303914	+	14	13	1
chr21	14303925	14303925	+	14	10	4
chr21	14305115	14305115	-	16	16	0
chr21	14305156	14305156	-	16	16	0
chr21	14305244	14305244	+	14	14	0
chr21	14306119	14306119	+	10	1	9
chr21	14306137	14306137	+	10	10	0
chr21	14306144	14306144	+	10	10	0
chr21	14306356	14306356	+	14	14	0
chr21	14306363	14306363	+	14	14	0
chr21	14306383	14306383	+	14	14	0
chr21	14306496	14306496	+	21	18	3
chr21	14306497	14306497	-	10	10	0
chr21	14307921	14307921	-	11	4	7
chr21	14321651	14321651	-	33	0	33
chr21	14321686	14321686	+	35	0	35
chr21	14321687	14321687	-	33	0	33
chr21	14321696	14321696	+	35	0	35
chr21	14321717	14321717	+	35	0	35
chr21	14321720	14321720	+	35	0	35
chr21	14321810	14321810	-	18	0	18
chr21	14321815	14321815	-	18	0	18
chr21	14321843	14321843	-	17	0	17
chr21	14321876	14321876	-	29	0	29
chr21	14321881	14321881	-	29	0	29
chr21	14321914	14321914	-	29	0	29
chr21	14348810	14348810	+	17	16	1
chr21	14348845	14348845	+	16	16	0
chr21	14348846	14348846	-	11	10	1
chr21	14348848	14348848	+	16	16	0
chr21	14348849	14348849	-	11	10	1
chr21	14348893	14348893	-	11	10	1
chr21	14350317	14350317	+	30	26	4
chr21	14352384	14352384	+	24	24	0
chr21	14352556	14352556	-	13	13	0
chr21	14352591	14352591	+	17	17	0
chr21	14352592	14352592	-	13	13	0
chr21	14357926	14357926	+	26	25	1
chr21	14357942	14357942	+	26	25	1
chr21	14357945	14357945	+	25	22	3
chr21	14357956	14357956	+	23	23	0
chr21	14357962	14357962	+	24	23	1
chr21	14358042	14358042	-	14	11	3
chr21	14358047	14358047	-	14	13	1
chr21	14358078	14358078	-	14	11	3
chr21	14358155	14358155	-	14	14	0
chr21	14358179	14358179	-	15	15	0
chr21	14358181	14358181	-	15	15	0
chr21	14358186	14358186	-	15	13	2
chr21	14358196	14358196	-	15	15	0
chr21	14358203	14358203	-	15	15	0
chr21	14358487	14358487	+	16	16	0
chr21	14358528	14358528	+	18	18	0
chr21	14358534	14358534	+	18	18	0
chr21	14358577	14358577	-	10	10	0
chr21	14358585	14358585	-	11	11	0
chr21	14358592	14358592	-	11	9	2
chr21	14358604	14358604	+	12	10	2
chr21	14358612	14358612	+	12	12	0
chr21	14358635	14358635	+	12	11	1
chr21	14358648	14358648	+	12	12	0
chr21	14358651	14358651	+	12	12	0
chr21	14364493	14364493	-	10	10	0
chr21	14364506	14364506	-	10	10	0
chr21	14364879	14364879	+	15	11	4
chr21	14364882	14364882	+	15	15	0
chr21	14364894	14364894	+	15	14	1
chr21	14364896	14364896	+	15	15	0
chr21	14364917	14364917	+	15	14	1
chr21	14364979	14364979	-	10	10	0
chr21	14364981	14364981	-	10	9	1
chr21	14364995	14364995	-	10	10	0
chr21	14365015	14365015	-	10	10	0
chr21	14365019	14365019	-	10	10	0
chr21	14365025	14365025	-	10	10	0
chr21	14365259	14365259	+	13	12	1
chr21	14365260	14365260	-	24	24	0
chr21	14365278	14365278	+	14	14	0
chr21	14365296	14365296	+	14	14	0
chr21	14365529	14365529	+	10	10	0
chr21	14365648	14365648	+	21	21	0
chr21	14365665	14365665	+	21	18	3
chr21	14365671	14365671	+	21	21	0
chr21	14365683	14365683	+	21	21	0
chr21	14365688	14365688	+	20	20	0
chr21	14365696	14365696	+	20	20	0
chr21	14365748	14365748	-	15	13	2
chr21	14365755	14365755	-	14	14	0
chr21	14365777	14365777	-	15	15	0
chr21	14365791	14365791	-	13	13	0
chr21	14366211	14366211	-	20	18	2
chr21	14366216	14366216	-	20	18	2
chr21	14366245	14366245	-	20	20	0
chr21	14366254	14366254	-	20	20	0
chr21	14366493	14366493	-	11	11	0
chr21	14366497	14366497	-	11	8	3
chr21	14366513	14366513	-	11	8	3
chr21	14366531	14366531	-	11	11	0
chr21	14366580	14366580	+	11	11	0
chr21	14366595	14366595	+	11	9	2
chr21	14366605	14366605	+	11	11	0
chr21	14366612	14366612	+	11	11	0
chr21	14366625	14366625	+	11	11	0
chr21	14366923	14366923	-	19	19	0
chr21	14366972	14366972	+	12	12	0
chr21	14367008	14367008	+	12	11	1
chr21	14367010	14367010	+	12	12	0
chr21	14367014	14367014	+	12	12	0
chr21	14367015	14367015	-	10	8	2
chr21	14367045	14367045	-	10	10	0
chr21	14367054	14367054	-	10	9	1
chr21	14367175	14367175	+	11	11	0
chr21	14367190	14367190	+	11	8	3
chr21	14367207	14367207	+	11	8	3
chr21	14367213	14367213	+	11	11	0
chr21	14367220	14367220	+	11	11	0
chr21	14367279	14367279	-	10	2	8
chr21	14367325	14367325	+	13	11	2
chr21	14367357	14367357	+	11	11	0
chr21	14367498	14367498	-	13	13	0
chr21	14367515	14367515	-	14	14	0
chr21	14367517	14367517	-	14	13	1
chr21	14367534	14367534	-	14	14	0
chr21	14367621	14367621	-	11	7	4
chr21	14367628	14367628	-	11	11	0
chr21	14367702	14367702	-	12	12	0
chr21	14367706	14367706	-	12	12	0
chr21	14367716	14367716	-	12	12	0
chr21	14367739	14367739	+	26	26	0
chr21	14367740	14367740	-	12	12	0
chr21	14367882	14367882	-	25	25	0
chr21	14367894	14367894	-	25	25	0
chr21	14367961	14367961	-	15	15	0
chr21	14367979	14367979	-	15	15	0
chr21	14368400	14368400	+	10	10	0
chr21	14368415	14368415	+	10	10	0
chr21	14368438	14368438	+	10	10	0
chr21	14368445	14368445	+	10	9	1
chr21	14368475	14368475	-	10	10	0
chr21	14368481	14368481	-	10	9	1
chr21	14368490	14368490	-	10	10	0
chr21	14370018	14370018	-	17	17	0
chr21	14370025	14370025	+	20	17	3
chr21	14370143	14370143	-	22	18	4
chr21	14370153	14370153	-	23	23	0
chr21	14370169	14370169	-	64	60	4
chr21	14370180	14370180	+	19	19	0
chr21	14370181	14370181	-	64	56	8
chr21	14370193	14370193	+	20	20	0
chr21	14370195	14370195	+	20	20	0
chr21	14370310	14370310	+	13	13	0
chr21	14370318	14370318	+	13	13	0
chr21	14370352	14370352	+	11	10	1
chr21	14370353	14370353	-	10	10	0
chr21	14370359	14370359	+	12	10	2
chr21	14370360	14370360	-	10	10	0
chr21	14370376	14370376	-	10	10	0
chr21	14370415	14370415	+	17	17	0
chr21	14370433	14370433	+	17	14	3
chr21	14370444	14370444	+	17	17	0
chr21	14370457	14370457	+	16	16	0
chr21	14370595	14370595	+	10	10	0
chr21	14371668	14371668	+	10	10	0
chr21	14371678	14371678	+	10	9	1
chr21	14371698	14371698	+	10	10	0
chr21	14371780	14371780	+	11	11	0
chr21	14371781	14371781	-	11	10	1
chr21	14371792	14371792	+	11	11	0
chr21	14371800	14371800	+	12	12	0
chr21	14371818	14371818	+	13	13	0
chr21	14372089	14372089	-	12	12	0
chr21	14372099	14372099	-	12	12	0
chr21	14374515	14374515	+	34	29	5
chr21	14374542	14374542	+	32	27	5
chr21	14374557	14374557	+	33	33	0
chr21	14374686	14374686	+	16	16	0
chr21	14374689	14374689	+	16	14	2
chr21	14374698	14374698	+	15	14	1
chr21	14376417	14376417	-	140	0	140
chr21	14376428	14376428	-	119	0	119
chr21	14376609	14376609	-	63	40	23
chr21	14376611	14376611	-	66	55	11
chr21	14376644	14376644	-	145	4	141
chr21	14377513	14377513	+	12	12	0
chr21	14377532	14377532	+	12	12	0
chr21	14377533	14377533	-	12	9	3
chr21	14377537	14377537	+	12	12	0
chr21	14377538	14377538	-	13	10	3
chr21	14377576	14377576	-	13	13	0
chr21	14377582	14377582	-	13	13	0
chr21	14378318	14378318	+	13	13	0
chr21	14378325	14378325	+	13	13	0
chr21	14379889	14379889	-	14	14	0
chr21	14379907	14379907	-	14	14	0
chr21	14399703	14399703	+	10	10	0
chr21	14399864	14399864	-	14	11	3
chr21	14399868	14399868	-	14	14	0
chr21	14461017	14461017	+	12	12	0
chr21	14461052	14461052	+	11	0	11
chr21	14510373	14510373	+	30	3	27
chr21	14510402	14510402	+	30	0	30
chr21	14510411	14510411	+	33	0	33
chr21	14510480	14510480	-	17	0	17
chr21	14510496	14510496	-	17	0	17
chr21	14510499	14510499	-	18	0	18
chr21	14510507	14510507	-	18	0	18
chr21	14510514	14510514	-	18	0	18
chr21	14510517	14510517	-	18	0	18
chr21	14510522	14510522	-	18	2	16
chr21	14552185	14552185	-	10	10	0
chr21	14552187	14552187	-	10	10	0
chr21	14568171	14568171	+	19	1	18
chr21	14568176	14568176	+	21	1	20
chr21	14568183	14568183	+	23	1	22
chr21	14568196	14568196	+	22	0	22
chr21	14568204	14568204	+	23	1	22
chr21	14568220	14568220	+	23	1	22
chr21	14568271	14568271	+	17	0	17
chr21	14568278	14568278	+	18	0	18
chr21	14568297	14568297	+	18	0	18
chr21	14568304	14568304	+	18	1	17
chr21	14568306	14568306	+	18	1	17
chr21	14568310	14568310	+	18	1	17
chr21	14568331	14568331	+	11	3	8
chr21	14568336	14568336	+	11	3	8
chr21	14568450	14568450	+	13	7	6
chr21	14568456	14568456	+	13	13	0
chr21	14568460	14568460	+	13	7	6
chr21	14677066	14677066	-	15	0	15
chr21	14677069	14677069	-	15	0	15
chr21	14677096	14677096	+	13	0	13
chr21	14677097	14677097	-	15	0	15
chr21	14677113	14677113	+	13	0	13
chr21	14677119	14677119	+	13	0	13
chr21	14677134	14677134	+	13	0	13
chr21	14677142	14677142	+	13	0	13
chr21	14677244	14677244	-	19	0	19
chr21	14677252	14677252	-	22	0	22
chr21	14677256	14677256	-	25	0	25
chr21	14677276	14677276	+	13	0	13
chr21	14677277	14677277	-	26	0	26
chr21	14677294	14677294	+	13	0	13
chr21	14677320	14677320	+	13	0	13
chr21	14677323	14677323	+	13	0	13
chr21	14677352	14677352	-	17	0	17
chr21	14677362	14677362	-	12	0	12
chr21	14677376	14677376	+	22	0	22
chr21	14677377	14677377	-	17	0	17
chr21	14677385	14677385	+	22	0	22
chr21	14677409	14677409	+	22	0	22
chr21	14677504	14677504	-	14	0	14
chr21	14677516	14677516	-	19	0	19
chr21	14677535	14677535	-	19	0	19
chr21	14677540	14677540	-	19	0	19
chr21	14677544	14677544	-	19	0	19
chr21	14748422	14748422	-	10	0	10
chr21	14853925	14853925	-	14	14	0
chr21	15136527	15136527	+	15	15	0
chr21	15136531	15136531	+	15	11	4
chr21	15136547	15136547	+	15	15	0
chr21	15242079	15242079	-	18	18	0
chr21	15242126	15242126	-	19	19	0
chr21	15290565	15290565	-	13	13	0
chr21	15358331	15358331	+	14	1	13
chr21	15358368	15358368	+	15	0	15
chr21	15358374	15358374	+	14	0	14
chr21	15358488	15358488	-	10	0	10
chr21	15358515	15358515	-	10	0	10
chr21	15358522	15358522	-	10	0	10
chr21	15358536	15358536	-	10	0	10
chr21	15358552	15358552	-	11	0	11
chr21	15358559	15358559	-	11	0	11
chr21	15358562	15358562	-	11	0	11
chr21	15358567	15358567	-	11	0	11
chr21	15358571	15358571	-	11	0	11
chr21	15358578	15358578	-	12	0	12
chr21	15358637	15358637	+	19	0	19
chr21	15358643	15358643	+	19	0	19
chr21	15358656	15358656	+	19	0	19
chr21	15358658	15358658	+	19	0	19
chr21	15358659	15358659	-	11	0	11
chr21	15358661	15358661	+	19	0	19
chr21	15358662	15358662	-	10	0	10
chr21	15358665	15358665	+	19	0	19
chr21	15358689	15358689	-	13	0	13
chr21	15358693	15358693	-	13	0	13
chr21	15358697	15358697	-	13	0	13
chr21	15358702	15358702	-	13	0	13
chr21	15358707	15358707	-	13	1	12
chr21	15358795	15358795	+	30	0	30
chr21	15358801	15358801	+	29	0	29
chr21	15358803	15358803	+	30	0	30
chr21	15358812	15358812	+	29	0	29
chr21	15358815	15358815	+	30	0	30
chr21	15358820	15358820	+	29	0	29
chr21	15358823	15358823	+	30	0	30
chr21	15358829	15358829	+	28	0	28
chr21	15358830	15358830	-	11	0	11
chr21	15358831	15358831	+	28	0	28
chr21	15358832	15358832	-	12	0	12
chr21	15358849	15358849	-	13	0	13
chr21	15358856	15358856	-	13	0	13
chr21	15358859	15358859	-	13	0	13
chr21	15358861	15358861	-	13	0	13
chr21	15358866	15358866	-	13	0	13
chr21	15358868	15358868	-	13	0	13
chr21	15358874	15358874	-	13	0	13
chr21	15358893	15358893	+	10	0	10
chr21	15358896	15358896	+	10	0	10
chr21	15358900	15358900	+	10	0	10
chr21	15358912	15358912	+	10	0	10
chr21	15358921	15358921	+	10	0	10
chr21	15358922	15358922	-	27	0	27
chr21	15358923	15358923	+	10	0	10
chr21	15358924	15358924	-	30	0	30
chr21	15358927	15358927	+	10	0	10
chr21	15358928	15358928	-	30	0	30
chr21	15358945	15358945	-	29	0	29
chr21	15358948	15358948	-	30	0	30
chr21	15358950	15358950	-	28	0	28
chr21	15358964	15358964	-	28	0	28
chr21	15359054	15359054	+	10	0	10
chr21	15359072	15359072	-	11	0	11
chr21	15359080	15359080	-	11	0	11
chr21	15359084	15359084	-	11	0	11
chr21	15359088	15359088	-	11	0	11
chr21	15359092	15359092	-	11	0	11
chr21	15359094	15359094	-	11	0	11
chr21	15359096	15359096	-	11	0	11
chr21	15359098	15359098	-	11	0	11
chr21	15359105	15359105	-	10	0	10
chr21	15359109	15359109	-	11	0	11
chr21	15359113	15359113	-	11	0	11
chr21	15359121	15359121	-	11	0	11
chr21	15359358	15359358	-	16	0	16
chr21	15359536	15359536	+	11	0	11
chr21	15359558	15359558	+	11	0	11
chr21	15359559	15359559	-	13	0	13
chr21	15359562	15359562	+	11	0	11
chr21	15359563	15359563	-	13	0	13
chr21	15359564	15359564	+	11	0	11
chr21	15359565	15359565	-	13	0	13
chr21	15359568	15359568	+	10	0	10
chr21	15359569	15359569	-	13	0	13
chr21	15359577	15359577	+	13	0	13
chr21	15359578	15359578	-	19	0	19
chr21	15359603	15359603	-	19	0	19
chr21	15360037	15360037	+	15	0	15
chr21	15432927	15432927	+	10	0	10
chr21	15432939	15432939	+	10	0	10
chr21	15447057	15447057	+	11	0	11
chr21	15447185	15447185	-	26	25	1
chr21	15458638	15458638	-	15	15	0
chr21	15502582	15502582	+	21	20	1
chr21	15502608	15502608	+	21	18	3
chr21	15513059	15513059	-	11	11	0
chr21	15513065	15513065	-	11	11	0
chr21	15513083	15513083	-	11	11	0
chr21	15513091	15513091	-	11	11	0
chr21	15583407	15583407	+	10	10	0
chr21	15583554	15583554	-	22	20	2
chr21	15583576	15583576	-	22	22	0
chr21	15583585	15583585	-	22	22	0
chr21	15583654	15583654	+	12	10	2
chr21	15583672	15583672	+	12	11	1
chr21	15583673	15583673	-	12	11	1
chr21	15583716	15583716	-	12	12	0
chr21	15584415	15584415	+	21	21	0
chr21	15584444	15584444	+	21	21	0
chr21	15584560	15584560	-	27	21	6
chr21	15584596	15584596	-	25	21	3
chr21	15584678	15584678	-	11	8	3
chr21	15584694	15584694	-	11	8	3
chr21	15584720	15584720	+	18	15	3
chr21	15584721	15584721	-	11	8	3
chr21	15584811	15584811	-	19	15	4
chr21	15601975	15601975	-	10	10	0
chr21	15622056	15622056	+	14	14	0
chr21	15678073	15678073	+	10	10	0
chr21	15687046	15687046	-	10	9	1
chr21	15698788	15698788	+	18	18	0
chr21	15737015	15737015	-	18	11	7
chr21	15737056	15737056	-	18	0	18
chr21	15788733	15788733	-	17	17	0
chr21	15788752	15788752	-	17	17	0
chr21	15788755	15788755	-	17	17	0
chr21	15788862	15788862	+	11	8	3
chr21	15788901	15788901	+	11	8	3
chr21	15826378	15826378	-	12	10	2
chr21	15884747	15884747	-	17	17	0
chr21	15930238	15930238	+	15	15	0
chr21	15930261	15930261	+	15	15	0
chr21	15930316	15930316	-	11	11	0
chr21	15930660	15930660	-	16	16	0
chr21	15950793	15950793	-	11	11	0
chr21	15950809	15950809	-	11	11	0
chr21	16003863	16003863	-	10	10	0
chr21	16014722	16014722	-	18	17	1
chr21	16014734	16014734	-	18	17	1
chr21	16014738	16014738	-	18	18	0
chr21	16016500	16016500	-	13	13	0
chr21	16023758	16023758	+	14	0	14
chr21	16023765	16023765	+	13	0	13
chr21	16023775	16023775	+	13	0	13
chr21	16023788	16023788	+	13	0	13
chr21	16023845	16023845	-	13	0	13
chr21	16023859	16023859	-	10	0	10
chr21	16023880	16023880	+	28	0	28
chr21	16023891	16023891	+	28	0	28
chr21	16023893	16023893	+	28	0	28
chr21	16023900	16023900	+	28	0	28
chr21	16023901	16023901	-	16	0	16
chr21	16023910	16023910	+	28	0	28
chr21	16023911	16023911	-	14	0	14
chr21	16023916	16023916	+	28	0	28
chr21	16023917	16023917	-	15	0	15
chr21	16023919	16023919	+	28	0	28
chr21	16023921	16023921	+	28	0	28
chr21	16023922	16023922	-	11	0	11
chr21	16023932	16023932	-	16	0	16
chr21	16023940	16023940	-	16	0	16
chr21	16023947	16023947	-	16	0	16
chr21	16024245	16024245	-	16	0	16
chr21	16024249	16024249	-	16	0	16
chr21	16024253	16024253	-	16	0	16
chr21	16024255	16024255	-	16	0	16
chr21	16024260	16024260	-	15	0	15
chr21	16024263	16024263	-	16	0	16
chr21	16024267	16024267	-	16	0	16
chr21	16024276	16024276	-	15	0	15
chr21	16024278	16024278	-	15	0	15
chr21	16024286	16024286	-	16	0	16
chr21	16024293	16024293	-	16	0	16
chr21	16024317	16024317	+	18	0	18
chr21	16024322	16024322	+	18	0	18
chr21	16024325	16024325	+	18	0	18
chr21	16024327	16024327	+	18	0	18
chr21	16024331	16024331	+	18	0	18
chr21	16024335	16024335	+	18	0	18
chr21	16024338	16024338	+	18	0	18
chr21	16024346	16024346	+	17	0	17
chr21	16024351	16024351	+	18	0	18
chr21	16024353	16024353	+	18	0	18
chr21	16024361	16024361	+	18	0	18
chr21	16024391	16024391	-	12	0	12
chr21	16024394	16024394	-	12	0	12
chr21	16024399	16024399	-	10	0	10
chr21	16024402	16024402	-	11	0	11
chr21	16024410	16024410	-	12	0	12
chr21	16024412	16024412	-	12	0	12
chr21	16024419	16024419	-	12	0	12
chr21	16024421	16024421	-	12	0	12
chr21	16024425	16024425	-	12	0	12
chr21	16024427	16024427	+	13	0	13
chr21	16024428	16024428	-	12	0	12
chr21	16024431	16024431	+	12	0	12
chr21	16024437	16024437	+	13	0	13
chr21	16024443	16024443	+	13	0	13
chr21	16024445	16024445	+	13	0	13
chr21	16024456	16024456	+	13	0	13
chr21	16024462	16024462	+	13	0	13
chr21	16024543	16024543	+	14	0	14
chr21	16024547	16024547	+	14	0	14
chr21	16024553	16024553	+	15	0	15
chr21	16024556	16024556	+	15	0	15
chr21	16024559	16024559	+	15	0	15
chr21	16024562	16024562	+	15	0	15
chr21	16024565	16024565	+	15	0	15
chr21	16024568	16024568	+	15	0	15
chr21	16024571	16024571	+	15	0	15
chr21	16024574	16024574	+	15	0	15
chr21	16024576	16024576	+	15	0	15
chr21	16024589	16024589	+	13	0	13
chr21	16033213	16033213	-	19	17	2
chr21	16076341	16076341	+	12	12	0
chr21	16076355	16076355	+	12	12	0
chr21	16076527	16076527	-	26	24	2
chr21	16167809	16167809	-	10	10	0
chr21	16167845	16167845	-	11	11	0
chr21	16202432	16202432	+	25	25	0
chr21	16202577	16202577	-	10	10	0
chr21	16228286	16228286	+	11	11	0
chr21	16228290	16228290	+	11	11	0
chr21	16242033	16242033	-	17	7	10
chr21	16242036	16242036	-	18	7	11
chr21	16291204	16291204	+	15	15	0
chr21	16291208	16291208	+	15	15	0
chr21	16291220	16291220	+	13	12	1
chr21	16313710	16313710	-	10	10	0
chr21	16356326	16356326	-	16	16	0
chr21	16454568	16454568	+	13	13	0
chr21	16454615	16454615	+	11	11	0
chr21	16454616	16454616	-	12	8	4
chr21	16454628	16454628	-	12	12	0
chr21	16454650	16454650	-	12	12	0
chr21	16595363	16595363	+	14	13	1
chr21	16612349	16612349	+	12	12	0
chr21	16620605	16620605	+	12	11	1
chr21	16620620	16620620	+	12	8	4
chr21	16650774	16650774	-	28	28	0
chr21	16650780	16650780	-	29	29	0
chr21	16713387	16713387	+	13	9	4
chr21	16713421	16713421	+	13	10	3
chr21	16713423	16713423	+	13	11	2
chr21	16713424	16713424	-	10	4	6
chr21	16713466	16713466	-	21	13	8
chr21	16788163	16788163	-	21	21	0
chr21	16788196	16788196	-	21	21	0
chr21	16849374	16849374	+	20	17	3
chr21	16857752	16857752	+	14	13	1
chr21	16869844	16869844	+	14	13	1
chr21	16869860	16869860	+	14	14	0
chr21	16869890	16869890	+	13	13	0
chr21	16915570	16915570	-	14	14	0
chr21	16915603	16915603	-	14	14	0
chr21	16954514	16954514	+	10	6	4
chr21	16954518	16954518	+	10	10	0
chr21	16954530	16954530	+	10	10	0
chr21	16954558	16954558	+	12	12	0
chr21	17043261	17043261	+	13	13	0
chr21	17043269	17043269	+	13	13	0
chr21	17247505	17247505	+	10	10	0
chr21	17269426	17269426	-	14	14	0
chr21	17347665	17347665	+	10	4	6
chr21	17347694	17347694	+	10	10	0
chr21	17385151	17385151	-	321	313	8
chr21	17386318	17386318	-	17	11	6
chr21	17386354	17386354	-	14	12	2
chr21	17419460	17419460	-	17	17	0
chr21	17419551	17419551	-	23	23	0
chr21	17420890	17420890	-	10	10	0
chr21	17420898	17420898	-	10	10	0
chr21	17420918	17420918	-	10	10	0
chr21	17511073	17511073	+	21	21	0
chr21	17511088	17511088	+	21	21	0
chr21	17511093	17511093	+	21	21	0
chr21	17527896	17527896	-	10	10	0
chr21	17545266	17545266	-	10	10	0
chr21	17646773	17646773	+	21	19	2
chr21	17646785	17646785	+	21	14	7
chr21	17656016	17656016	+	11	11	0
chr21	17656020	17656020	+	11	10	0
chr21	17719707	17719707	-	23	22	1
chr21	17719743	17719743	-	24	24	0
chr21	17727853	17727853	-	15	15	0
chr21	17731698	17731698	+	21	20	1
chr21	17731701	17731701	+	21	19	2
chr21	17731709	17731709	+	21	21	0
chr21	17744957	17744957	-	11	5	6
chr21	17744966	17744966	+	15	14	1
chr21	17744967	17744967	-	11	10	1
chr21	17745005	17745005	+	14	14	0
chr21	17745007	17745007	+	13	13	0
chr21	17748252	17748252	-	12	12	0
chr21	17748288	17748288	-	12	12	0
chr21	17750426	17750426	+	11	9	2
chr21	17750430	17750430	+	11	9	2
chr21	17750436	17750436	+	11	9	2
chr21	17750442	17750442	+	11	11	0
chr21	17750470	17750470	+	10	10	0
chr21	17751538	17751538	+	10	10	0
chr21	17751567	17751567	+	14	14	0
chr21	17751629	17751629	+	10	10	0
chr21	17751640	17751640	+	10	9	1
chr21	17751918	17751918	-	13	11	2
chr21	17776181	17776181	+	11	9	2
chr21	17803059	17803059	-	20	18	2
chr21	17803088	17803088	-	21	21	0
chr21	17804725	17804725	+	10	9	1
chr21	17804839	17804839	+	12	12	0
chr21	17807150	17807150	+	30	0	30
chr21	17807159	17807159	+	30	0	30
chr21	17807161	17807161	+	30	0	30
chr21	17807174	17807174	+	31	0	31
chr21	17807178	17807178	+	30	0	30
chr21	17807197	17807197	+	15	0	15
chr21	17807582	17807582	+	12	0	12
chr21	17807588	17807588	+	12	1	11
chr21	17807597	17807597	+	12	1	11
chr21	17807600	17807600	+	12	1	11
chr21	17807623	17807623	+	12	0	12
chr21	17807627	17807627	+	11	0	11
chr21	17807628	17807628	-	11	0	11
chr21	17807629	17807629	+	12	0	12
chr21	17807630	17807630	-	12	0	12
chr21	17807633	17807633	-	12	0	12
chr21	17807638	17807638	-	12	0	12
chr21	17807649	17807649	-	11	0	11
chr21	17807676	17807676	+	20	0	20
chr21	17807677	17807677	-	12	0	12
chr21	17807681	17807681	+	20	0	20
chr21	17807703	17807703	+	20	0	20
chr21	17807706	17807706	+	19	0	19
chr21	17807725	17807725	+	20	0	20
chr21	17807801	17807801	-	25	0	24
chr21	17807821	17807821	-	25	0	25
chr21	17807850	17807850	-	24	0	24
chr21	17832330	17832330	-	22	20	2
chr21	17832348	17832348	-	22	21	1
chr21	17832352	17832352	-	22	20	2
chr21	17874557	17874557	+	13	13	0
chr21	17874573	17874573	+	13	11	2
chr21	17874591	17874591	+	12	12	0
chr21	17906408	17906408	-	11	0	11
chr21	17906420	17906420	-	11	0	11
chr21	17906430	17906430	-	11	0	11
chr21	17906439	17906439	-	11	0	11
chr21	17906441	17906441	-	11	0	11
chr21	17906447	17906447	-	11	0	11
chr21	17906456	17906456	-	11	0	11
chr21	17906490	17906490	+	16	0	16
chr21	17906496	17906496	+	16	0	16
chr21	17906498	17906498	+	16	0	16
chr21	17906517	17906517	+	16	0	16
chr21	17906537	17906537	+	16	0	16
chr21	17906541	17906541	-	12	0	12
chr21	17906543	17906543	-	13	0	13
chr21	17906571	17906571	-	11	0	11
chr21	17906573	17906573	-	12	0	12
chr21	17906582	17906582	-	10	0	10
chr21	17906589	17906589	+	25	0	25
chr21	17906590	17906590	-	12	0	12
chr21	17906595	17906595	+	25	0	25
chr21	17906605	17906605	+	25	0	25
chr21	17906607	17906607	+	25	0	25
chr21	17906619	17906619	+	25	0	25
chr21	17906688	17906688	-	14	0	14
chr21	17906693	17906693	-	10	0	10
chr21	17906699	17906699	-	13	0	13
chr21	17906701	17906701	-	14	0	14
chr21	17906706	17906706	-	14	0	14
chr21	17906714	17906714	-	11	0	11
chr21	17906722	17906722	-	12	0	12
chr21	17906725	17906725	-	12	0	12
chr21	17906730	17906730	-	17	0	17
chr21	17906838	17906838	-	15	0	15
chr21	17906853	17906853	-	16	0	16
chr21	17906872	17906872	-	16	0	16
chr21	17906946	17906946	+	19	0	19
chr21	17906962	17906962	+	19	0	19
chr21	17906970	17906970	+	19	0	19
chr21	17906971	17906971	-	13	0	13
chr21	17906976	17906976	+	19	0	19
chr21	17906977	17906977	-	13	0	13
chr21	17906978	17906978	+	19	0	19
chr21	17906979	17906979	-	12	0	12
chr21	17906995	17906995	+	18	0	18
chr21	17906996	17906996	-	13	0	13
chr21	17907001	17907001	-	13	0	13
chr21	17907008	17907008	-	13	0	13
chr21	17907011	17907011	+	11	0	11
chr21	17907012	17907012	-	13	0	13
chr21	17907014	17907014	+	11	0	11
chr21	17907016	17907016	+	11	0	11
chr21	17907020	17907020	+	11	0	11
chr21	17907027	17907027	+	11	0	11
chr21	17907029	17907029	+	11	0	11
chr21	17907032	17907032	+	11	0	11
chr21	17907035	17907035	+	11	0	11
chr21	17907039	17907039	+	11	0	11
chr21	17907047	17907047	+	10	0	10
chr21	17907049	17907049	+	10	0	10
chr21	17907051	17907051	+	10	0	10
chr21	17907087	17907087	-	14	0	14
chr21	17907095	17907095	-	14	0	14
chr21	17907108	17907108	-	13	0	13
chr21	17907111	17907111	-	13	0	13
chr21	17907113	17907113	-	13	0	13
chr21	17907124	17907124	-	13	0	13
chr21	17907126	17907126	-	13	0	13
chr21	17907131	17907131	-	13	0	13
chr21	17907306	17907306	-	20	0	20
chr21	17907310	17907310	-	19	0	19
chr21	17907312	17907312	-	20	0	20
chr21	17907315	17907315	-	21	0	21
chr21	17907318	17907318	-	21	0	21
chr21	17907320	17907320	-	21	0	21
chr21	17907325	17907325	-	21	0	21
chr21	17907333	17907333	-	21	0	21
chr21	17907335	17907335	-	21	0	21
chr21	17907348	17907348	+	11	0	11
chr21	17907349	17907349	-	21	0	21
chr21	17907358	17907358	+	11	0	11
chr21	17907361	17907361	+	11	0	11
chr21	17907383	17907383	+	11	0	11
chr21	17907387	17907387	+	14	0	14
chr21	17907391	17907391	+	14	2	12
chr21	17907505	17907505	-	27	10	17
chr21	17907513	17907513	-	28	13	15
chr21	17907540	17907540	-	28	2	26
chr21	17907732	17907732	-	13	13	0
chr21	17907754	17907754	-	10	10	0
chr21	17931423	17931423	+	10	10	0
chr21	17931455	17931455	+	10	9	1
chr21	17931612	17931612	-	11	11	0
chr21	17948060	17948060	-	11	4	7
chr21	17971234	17971234	+	10	9	1
chr21	17971244	17971244	+	10	10	0
chr21	17971246	17971246	+	10	10	0
chr21	17983314	17983314	+	22	3	19
chr21	17987626	17987626	+	14	14	0
chr21	17987670	17987670	+	14	14	0
chr21	17988383	17988383	+	19	12	7
chr21	17988393	17988393	+	19	14	5
chr21	17988405	17988405	+	18	9	9
chr21	18016826	18016826	+	10	10	0
chr21	18016832	18016832	+	10	10	0
chr21	18038986	18038986	+	10	9	1
chr21	18038990	18038990	+	10	10	0
chr21	18038995	18038995	+	10	10	0
chr21	18039018	18039018	+	10	8	2
chr21	18051964	18051964	+	11	11	0
chr21	18052002	18052002	+	12	8	4
chr21	18052003	18052003	-	11	10	1
chr21	18052040	18052040	+	12	11	1
chr21	18052041	18052041	-	12	11	0
chr21	18052058	18052058	+	12	11	1
chr21	18052081	18052081	+	11	10	1
chr21	18052150	18052150	-	11	11	0
chr21	18052172	18052172	-	12	12	0
chr21	18052188	18052188	-	12	12	0
chr21	18052194	18052194	-	12	12	0
chr21	18073378	18073378	-	10	8	2
chr21	18113002	18113002	-	14	0	14
chr21	18113006	18113006	-	14	0	14
chr21	18113013	18113013	-	14	0	14
chr21	18113016	18113016	-	14	0	14
chr21	18113031	18113031	-	13	0	13
chr21	18113040	18113040	-	13	0	13
chr21	18113048	18113048	-	13	0	13
chr21	18113293	18113293	+	14	0	14
chr21	18113300	18113300	+	14	0	14
chr21	18113303	18113303	+	14	0	14
chr21	18113312	18113312	+	15	0	15
chr21	18113314	18113314	+	15	0	15
chr21	18113316	18113316	+	15	0	15
chr21	18113320	18113320	+	15	0	15
chr21	18113334	18113334	+	17	0	17
chr21	18113336	18113336	+	17	0	17
chr21	18113515	18113515	-	16	0	16
chr21	18113518	18113518	-	16	0	16
chr21	18113523	18113523	-	17	0	17
chr21	18113527	18113527	-	17	0	17
chr21	18113532	18113532	-	17	0	17
chr21	18113554	18113554	-	22	0	22
chr21	18113602	18113602	+	17	0	17
chr21	18113613	18113613	+	11	0	11
chr21	18113624	18113624	+	11	0	11
chr21	18113625	18113625	-	10	0	10
chr21	18113638	18113638	+	11	0	11
chr21	18113639	18113639	-	10	0	10
chr21	18113642	18113642	+	11	0	11
chr21	18113643	18113643	-	10	0	10
chr21	18113644	18113644	+	11	0	11
chr21	18113645	18113645	-	10	0	10
chr21	18113657	18113657	-	10	0	10
chr21	18113659	18113659	-	10	0	10
chr21	18113663	18113663	-	10	0	10
chr21	18113665	18113665	+	12	0	12
chr21	18113666	18113666	-	10	0	10
chr21	18113681	18113681	+	12	0	12
chr21	18113689	18113689	+	12	0	12
chr21	18113700	18113700	+	12	0	12
chr21	18113703	18113703	+	12	0	12
chr21	18113704	18113704	-	16	0	16
chr21	18113706	18113706	+	12	0	12
chr21	18113707	18113707	-	16	0	16
chr21	18113714	18113714	+	12	0	12
chr21	18113715	18113715	-	16	0	16
chr21	18113720	18113720	-	16	0	16
chr21	18113738	18113738	-	16	0	16
chr21	18113751	18113751	-	16	0	16
chr21	18113817	18113817	-	18	0	18
chr21	18113823	18113823	-	17	0	17
chr21	18113863	18113863	-	15	0	15
chr21	18127776	18127776	+	10	10	0
chr21	18178551	18178551	-	11	11	0
chr21	18178575	18178575	-	11	11	0
chr21	18178579	18178579	-	10	7	3
chr21	18178587	18178587	-	11	11	0
chr21	18178591	18178591	-	11	11	0
chr21	18178720	18178720	-	10	2	8
chr21	18178722	18178722	-	10	2	8
chr21	18178730	18178730	-	11	2	9
chr21	18201818	18201818	+	10	10	0
chr21	18201866	18201866	+	11	11	0
chr21	18201918	18201918	-	13	13	0
chr21	18201957	18201957	-	13	10	3
chr21	18272326	18272326	+	10	10	0
chr21	18272329	18272329	+	10	8	2
chr21	18272337	18272337	+	10	10	0
chr21	18272349	18272349	+	10	10	0
chr21	18292976	18292976	-	16	15	1
chr21	18293132	18293132	-	10	10	0
chr21	18365459	18365459	+	21	21	0
chr21	18491657	18491657	+	13	13	0
chr21	18491661	18491661	+	13	12	1
chr21	18491729	18491729	-	12	12	0
chr21	18496245	18496245	-	13	13	0
chr21	18496282	18496282	-	14	14	0
chr21	18496285	18496285	-	14	14	0
chr21	18496289	18496289	-	14	14	0
chr21	18498731	18498731	-	17	17	0
chr21	18512927	18512927	+	13	13	0
chr21	18538970	18538970	+	16	0	16
chr21	18538978	18538978	+	16	0	16
chr21	18538983	18538983	+	16	0	16
chr21	18538998	18538998	+	16	0	16
chr21	18539009	18539009	+	16	0	16
chr21	18539010	18539010	-	19	5	14
chr21	18539016	18539016	+	15	0	15
chr21	18539017	18539017	-	21	0	21
chr21	18539048	18539048	-	21	0	21
chr21	18539053	18539053	-	21	0	21
chr21	18539208	18539208	-	17	0	17
chr21	18539218	18539218	-	17	0	17
chr21	18539220	18539220	-	17	0	17
chr21	18539222	18539222	-	17	0	17
chr21	18539231	18539231	-	17	2	15
chr21	18539233	18539233	-	17	0	17
chr21	18539240	18539240	-	17	0	17
chr21	18539249	18539249	+	14	0	14
chr21	18539250	18539250	-	17	0	17
chr21	18539253	18539253	+	14	0	14
chr21	18539259	18539259	+	14	0	14
chr21	18539264	18539264	+	14	0	14
chr21	18539266	18539266	+	14	0	14
chr21	18539276	18539276	+	15	1	14
chr21	18539290	18539290	+	15	1	14
chr21	18539294	18539294	+	15	1	14
chr21	18539297	18539297	+	13	0	13
chr21	18539540	18539540	-	21	0	21
chr21	18539545	18539545	-	21	0	21
chr21	18539547	18539547	-	21	0	21
chr21	18539550	18539550	-	21	0	21
chr21	18539565	18539565	-	21	0	21
chr21	18539569	18539569	-	21	0	21
chr21	18539580	18539580	-	21	0	21
chr21	18539801	18539801	-	12	0	12
chr21	18539804	18539804	+	13	0	13
chr21	18539805	18539805	-	12	0	12
chr21	18539838	18539838	+	13	0	13
chr21	18539933	18539933	-	15	0	15
chr21	18539960	18539960	-	15	0	15
chr21	18539970	18539970	-	13	0	13
chr21	18539976	18539976	-	13	0	13
chr21	18576141	18576141	+	27	27	0
chr21	18576145	18576145	+	26	21	5
chr21	18576157	18576157	+	24	23	1
chr21	18576178	18576178	+	23	20	3
chr21	18578884	18578884	+	12	10	2
chr21	18578901	18578901	+	13	13	0
chr21	18582970	18582970	+	15	15	0
chr21	18582975	18582975	+	15	15	0
chr21	18615698	18615698	-	18	17	1
chr21	18737988	18737988	+	12	0	12
chr21	18738035	18738035	+	12	0	12
chr21	18738234	18738234	-	12	0	12
chr21	18958033	18958033	-	19	19	0
chr21	19059419	19059419	-	15	15	0
chr21	19095152	19095152	+	12	12	0
chr21	19095158	19095158	+	11	11	0
chr21	19095182	19095182	+	12	10	2
chr21	19228600	19228600	+	12	12	0
chr21	19280741	19280741	+	11	10	1
chr21	19390691	19390691	-	25	24	1
chr21	19390694	19390694	-	25	25	0
chr21	19441941	19441941	+	10	10	0
chr21	19477902	19477902	+	13	13	0
chr21	19477950	19477950	+	13	13	0
chr21	19539486	19539486	-	23	23	0
chr21	19539511	19539511	-	21	21	0
chr21	19539528	19539528	-	21	21	0
chr21	19579289	19579289	+	12	12	0
chr21	19599501	19599501	+	10	10	0
chr21	19599600	19599600	-	12	12	0
chr21	19626227	19626227	-	23	23	0
chr21	19626384	19626384	-	24	23	1
chr21	19739452	19739452	+	16	14	2
chr21	19739521	19739521	-	11	9	2
chr21	19788073	19788073	-	17	13	4
chr21	19788076	19788076	-	17	17	0
chr21	19788089	19788089	-	17	17	0
chr21	19788093	19788093	-	16	16	0
chr21	19788113	19788113	-	17	17	0
chr21	19788117	19788117	-	17	17	0
chr21	19788122	19788122	-	17	17	0
chr21	19855690	19855690	+	12	12	0
chr21	19855706	19855706	+	12	11	1
chr21	19855711	19855711	+	12	12	0
chr21	19885992	19885992	+	21	21	0
chr21	19886045	19886045	-	12	8	4
chr21	19886061	19886061	-	12	11	1
chr21	19943653	19943653	+	24	22	2
chr21	19943695	19943695	+	27	24	3
chr21	19992941	19992941	+	10	0	10
